1000
1486
1212
1807
275
363
1523
295
1075
604
368
1298
1440
1069
257
990
370
752
1780
1528
1212
1613
1773
253
573
1816
384
1832
776
670
1749
1977
455
1402
1134
1911
1671
175
1925
1573
416
231
300
1725
880
118
226
756
1317
1833
1758
446
1881
1267
1900
1945
1625
350
1721
679
799
1007
1203
1599
1693
43
1896
642
1346
837
669
25
1325
1309
132
1364
295
599
1081
164
1039
750
1749
1493
64
1039
340
27
1825
1488
857
1918
1766
884
1958
1081
478
1627
1394
1345
1552
1234
446
198
1561
1168
1308
852
783
1914
1715
1399
1839
313
1010
1464
1300
1715
1664
1328
967
1841
437
550
1977
1728
1554
920
811
1011
911
1218
374
1067
1001
1152
1350
193
1970
97
396
2000
1238
419
734
530
789
1633
1315
256
694
378
660
119
1752
705
665
361
993
1570
1357
804
957
1946
225
219
1182
335
522
328
395
825
121
1594
1846
722
1743
1120
348
1530
1708
1945
720
64
657
1956
607
431
1267
102
1373
1785
1011
1187
1059
1265
1219
1723
835
814
1441
656
568
783
121
1741
1088
1942
1855
625
1016
1466
1649
964
895
1567
1559
1457
1895
1426
641
1762
57
506
1984
1559
1349
92
172
954
137
514
854
698
1477
1176
968
1975
662
339
1547
1731
1071
621
1756
747
1388
1167
932
1971
1293
481
1964
1103
408
1943
1866
1410
390
1495
1066
1229
659
1177
1561
1575
1398
668
381
1289
154
42
1428
101
1176
1414
498
77
1690
616
1159
990
1431
1018
242
120
1596
98
879
1806
536
1944
1111
551
160
1577
928
998
1089
1937
614
506
872
658
1985
493
713
255
847
1890
39
1122
1784
239
461
950
803
253
478
349
798
815
1746
224
1993
576
1118
1479
727
1998
161
1102
1691
479
1596
130
1373
843
980
414
501
89
1806
1092
270
221
1766
1374
246
1405
91
711
600
1663
1827
1550
887
1599
1183
581
237
1684
504
513
157
1169
604
1279
442
1546
394
729
971
1886
1800
1721
1129
200
948
1543
482
367
200
1827
8
1414
2000
785
559
1494
319
58
1848
481
177
1225
1401
622
473
504
1681
1803
1960
1499
12
1500
1811
1101
293
1537
919
1674
811
1753
1306
560
1958
582
1008
941
1726
1535
168
514
373
279
1025
823
1731
1809
1273
1829
713
1059
579
696
1170
248
1611
97
388
968
1401
21
259
1530
1665
1243
1204
558
1223
1626
1164
477
85
1626
111
1759
639
466
1119
1663
386
1694
605
128
895
1102
1337
1873
382
1149
761
991
1185
1125
1642
1826
1072
715
1391
1941
491
504
1948
490
100
1209
1527
1658
932
1895
774
1322
1895
1102
194
696
1800
1488
1909
18
1819
222
1796
422
1134
1963
1042
885
92
258
742
395
115
622
1454
1498
106
576
1492
705
1992
20
227
1424
1337
482
1640
243
1672
188
29
1251
868
1312
564
762
353
1448
477
1744
1790
1414
397
446
75
260
1109
771
1022
572
361
897
313
1419
153
564
1592
795
737
1973
1888
1930
38
858
1298
851
1248
832
1729
88
1681
720
1351
1361
1754
1075
446
405
158
232
1447
1260
830
1985
152
551
1926
1904
901
828
654
1216
556
633
1530
355
1518
1617
1841
1380
1839
583
1625
945
1989
1820
1345
1997
139
503
661
953
1241
1313
1846
1001
247
1618
1146
142
459
373
316
1139
561
1055
1565
658
646
549
1476
924
1008
883
437
1199
1580
400
322
467
265
1590
1677
1076
209
452
231
131
1287
1275
246
1966
1938
577
812
242
1981
1960
889
207
915
16
194
552
195
355
367
1011
806
722
91
1348
513
123
700
944
1678
865
1249
1726
456
1131
529
936
796
760
1738
1146
1782
1113
165
327
191
416
1950
641
405
486
1632
1167
1007
1180
707
133
150
724
456
956
1720
523
1778
628
60
1929
1143
1882
1882
6
1274
1643
1115
871
1181
878
180
1675
582
775
1915
1264
99
1374
564
471
1650
82
1182
1742
993
1019
879
1436
781
1453
1706
412
1997
1805
231
1750
1268
226
205
1434
493
799
1412
1143
1850
1153
1891
402
639
679
952
19
1917
1319
1735
1537
1640
1486
1578
1471
451
270
1761
1851
94
1460
895
1963
423
763
1778
1992
1092
191
125
670
1135
51
479
322
194
1570
1356
1570
502
1182
1093
566
719
364
532
305
128
1849
1093
1768
1035
1827
178
1813
827
343
1090
1434
1301
1475
1664
1851
715
706
1283
847
234
605
1262
1516
969
1728
668
233
590
876
18
549
128
1745
371
1454
1287
1335
1254
1544
907
825
354
587
957
1704
288
12
523
1065
1854
8
1229
794
1359
142
395
1204
1059
1248
1965
477
1793
969
535
354
1433
448
537
1544
293
753
448
1555
710
55
672
813
170
1172
916
1024
966
1828
147
184
684
750
1819
1233
1625
1055
167
1047
1565
1271
439
215
1967
1526
1818
589
1687
1374
67
1461
712
135
267
1733
1120
692
1724
821
106
1363
1391
801
1525
1025
1102
1807
1718
1248
588
108
162
155
1937
1496
790
1204
1595
1064
1367
616
299
209
1638
1573
1620
126
787
1603
727
1953
1316
697
579
1510
1935
1543
1917
1437
169
885
1806
1765
1820
864
604
731
118
181
1016
1679
580
1477
617
1857
559
862
247
1964
2
91
1268
1504
1950
560
978
1807
108
1634
134
1406
3
1851
120
1321
1909
1030
511
