15000
26585
21671
7957
25888
23165
2026
19124
26171
19616
16817
9305
1256
27220
2390
29560
28260
2580
27987
10815
29904
3528
14339
10028
13041
9788
26455
9730
6491
2901
20478
22489
536
18425
12750
23940
12595
4997
5479
26004
8733
4185
4549
23380
17094
3128
9446
19667
3123
22497
18216
4584
28775
10414
633
29668
21380
5893
8505
8256
22969
18207
28376
25981
15748
14145
3253
26217
13282
23783
16106
7651
21494
15133
25397
10934
19332
13287
21264
18825
20175
28426
3234
935
13839
7950
29063
27060
25106
4449
28770
7435
29343
24489
20101
8254
858
4747
5099
17618
8951
22396
7408
4787
10945
13423
28275
20170
3764
19964
14499
16539
3702
13098
27291
12660
19035
12260
21497
26750
23895
4616
12633
577
817
14108
27560
422
3788
21346
13692
15877
136
24098
23695
21586
27571
4537
22365
28745
26979
3922
9251
21912
24036
8163
19744
11861
11488
19262
11614
24526
8800
13207
3676
23427
12361
4877
14184
7205
23486
25394
8216
11939
29208
83
6045
7222
3114
16098
20401
4344
23204
19225
26422
19677
1840
27517
19823
15012
2005
27698
12155
9135
22531
9467
8232
19863
4547
7055
11614
17053
22321
9478
19979
4871
29135
26368
28706
11027
18594
29857
17459
2503
20723
18408
28474
10135
27857
19042
648
12901
17633
21936
19533
3188
27239
6306
23236
13447
27053
24349
3820
9575
17569
25951
23836
3320
2183
10483
22596
7098
1131
14481
11961
12186
23662
11279
5964
9898
1973
20941
871
29899
22960
15450
20675
10207
28400
4345
20508
12679
22912
23026
18936
25536
5022
18094
2009
18708
25904
27773
9725
8714
24798
10786
21448
25332
15752
20817
29230
29550
10863
21526
16601
24409
10348
3684
22680
27050
5011
20187
21633
11797
6930
26062
2780
23516
20980
13524
15403
3159
2214
22199
7683
27545
6007
11167
26689
22376
26110
6754
6697
18873
7386
3884
27118
15592
20653
5986
9154
1864
8307
5199
19171
24567
4423
7302
29257
12308
15147
26404
24957
26884
3375
29872
17112
24435
8116
3705
20023
2525
10289
26630
4608
28475
4857
23760
10310
20765
16495
19183
6022
13284
11732
27575
13139
28619
15615
24549
9323
16350
8566
28863
10749
20042
24528
29328
10659
5948
27206
13134
22661
26466
18242
7038
15186
18060
20649
352
4795
16340
7135
29811
2225
109
20760
1813
8541
5699
26070
13302
25209
8392
2826
6783
28520
2531
18682
18595
14232
12054
23660
3029
3738
9978
4278
14285
24057
25891
24786
14697
23969
9900
8166
10626
4311
15368
14947
15130
14713
16009
26225
28789
29687
29968
18029
16854
13085
14788
28375
23105
16735
17138
4301
4315
17897
20261
13533
29464
10243
3037
2581
26947
8875
14671
8085
23579
16604
13535
2972
22352
16747
9687
4501
4242
11499
11569
28500
5222
18727
11243
5570
8934
27532
17275
3396
22331
12287
5424
17208
22582
20075
17669
7185
4519
22643
28727
24352
5863
9548
24896
16812
11759
3837
24253
26146
16432
12235
22158
14546
3023
589
3197
26872
11776
27165
13374
25578
12178
4445
7609
13594
4917
12496
15248
4133
22907
400
29905
16972
3889
2631
18053
10377
4500
1454
9318
7922
26782
26444
25038
10965
21126
650
19694
17422
7021
15041
11466
19253
10849
4402
6809
25032
7978
14018
27670
4233
15514
2063
24707
21484
20235
27824
4318
12981
28541
3187
22991
23501
13988
13123
20830
15934
19548
11920
7247
26834
17048
20371
19402
23499
19268
16350
8800
5279
10271
20373
24094
12200
4998
4826
3436
23842
23092
22273
9504
16143
4853
18510
22352
1238
25767
8922
15616
10368
12097
9732
27532
7833
18957
10868
16019
20908
6628
6970
1530
4927
9108
3554
3994
10635
4627
7841
1894
12921
1485
5096
14487
8017
9595
12841
6660
14224
11549
24351
17943
16476
28755
3193
4595
18525
7126
16779
14105
14286
25531
13160
24738
17847
1318
16537
11954
29646
27962
8084
29191
2533
27025
3933
22897
19964
23978
7989
28154
782
24418
28383
21893
6928
27879
10425
11497
3481
14544
12261
16355
25339
12871
5203
1285
25608
17136
17066
25208
4841
2777
16914
27938
16113
3535
15517
29679
5219
10954
12955
22603
2303
13192
4611
20877
24922
16904
13188
8656
5042
22229
63
11286
11278
6342
11053
15388
7317
6672
10920
14519
10325
4435
23593
14218
15651
26658
1728
24659
16255
9447
10378
20741
8116
12392
14609
16689
13575
21249
10678
21179
6357
1174
2791
28833
20938
13973
5630
1230
18176
21875
25470
9308
15184
7420
27283
23465
21345
26877
2410
22598
24041
12724
24935
222
13117
29011
8069
1148
23376
7050
9188
5141
15541
10329
16621
26255
23383
19162
12158
3857
5870
917
22681
9254
16211
24596
6577
22036
12146
389
23978
6941
13543
22781
10095
27059
24053
7127
5795
26993
13632
22179
16360
26217
15801
6376
21374
21220
28718
6526
10677
4383
2960
17769
3473
28813
3378
25804
9710
25477
12221
2275
22541
18842
8612
20890
29966
23050
17477
23271
26658
28094
4444
27072
8429
24149
16612
8599
20727
1221
15389
14808
29213
3848
11432
18167
28837
18691
7363
23869
8480
23530
7247
23893
24893
7628
18845
17301
6732
12614
9590
15684
26430
11212
27183
54
14304
3612
20357
6263
16629
26290
12115
23068
5959
22825
616
2148
6888
16337
20151
29530
26024
8278
9270
25523
25519
13155
7412
23516
15477
12642
29696
10552
10606
18248
22871
26683
12040
20137
11092
28097
3430
22458
22968
6615
181
10718
2404
8877
19876
14849
629
29908
8720
19952
24339
18098
23547
17954
13324
21488
248
3109
24129
14220
14047
17099
14672
12878
16151
6448
18195
27904
13426
3860
19745
15293
5799
1955
1262
2787
11885
14823
443
5233
5751
14335
29232
3001
20900
9667
16822
8966
1599
178
14922
12592
19416
5599
24808
4313
26934
25717
6403
1743
22345
5929
26946
19555
6377
15348
29483
22669
26368
19414
5049
3501
4090
7137
15380
8647
13527
13980
6136
3784
13135
2933
23646
24770
6284
3530
23277
27663
2629
3625
27932
23412
18994
7962
22464
16440
25377
924
29053
25045
15108
21697
9584
13830
16190
3321
25537
8047
17842
15986
285
24053
9770
7639
27137
20997
17580
23871
2024
22502
18330
7708
16446
14984
6421
15193
9253
24340
10338
196
9204
10848
9759
4957
25220
17623
29079
22394
25170
20547
6218
14109
28572
15204
26852
10798
15039
841
29255
24714
24746
19938
12386
6246
14253
24071
5891
16291
28296
28583
13227
24614
16863
21332
20773
22348
24998
9378
21122
16495
12339
27861
24637
13770
20225
10541
13847
12718
6861
25452
24869
8484
20476
4469
2366
24059
18345
3493
29377
14248
24095
4870
26525
11066
16935
8492
10567
18054
21292
25219
25389
14298
7186
18476
12401
28673
20271
2393
12724
20749
19738
27683
12754
23220
24527
3010
25373
23686
18916
744
7148
6368
28792
9297
20469
18271
3191
12896
12865
21294
10546
5443
20051
17769
8343
4727
9880
11474
24345
27890
1768
3860
3207
17820
14142
952
855
27096
29314
28513
26675
13507
9848
18239
21194
25789
25052
7663
5108
20501
5730
24545
9189
6478
22879
6289
20967
12205
25569
12096
11000
21301
7581
13385
19926
22681
4081
29509
8299
10170
29043
6417
20845
24066
7474
2651
6844
16886
15656
5389
1740
7240
16681
5821
25288
5792
2649
11222
26647
21905
14100
9855
9110
11925
10761
769
12317
10995
17558
19132
266
4373
12855
18569
3156
10403
21949
24850
23791
21560
28939
19727
5101
21014
6257
1010
10326
18041
16341
29441
21963
28084
7040
21112
13719
23274
21598
22514
10746
8746
7660
23052
6001
28878
15388
12661
23901
24005
14017
18349
16813
13533
21118
20669
8402
6447
3990
5569
22360
25429
9719
23173
4271
12369
20206
20277
22799
29902
21564
4367
4938
10617
9918
8813
7703
11879
9976
6436
21795
20540
9017
26950
8515
25413
16461
20511
25497
9879
6916
11357
15273
16122
11264
26278
8186
22014
29057
6961
2105
17713
14029
15400
94
10440
12441
18364
16856
29271
7564
11386
4324
23015
22767
11256
8174
9498
3276
22216
24255
1092
1273
6520
26971
15739
22642
8513
8886
12587
16138
9118
27475
26536
9470
4322
20871
9777
9870
21558
14029
27964
10695
5981
12377
20011
18160
25182
469
11872
18176
2652
4555
7251
12283
29654
2850
26572
14089
7007
22235
27797
20961
3352
12291
15146
7263
20239
21651
22041
18264
11054
11482
21215
7362
12675
10353
14018
13950
18899
4852
20165
5498
6070
501
25098
16121
3146
20886
15252
10070
3650
4168
668
25107
24787
543
15455
17492
2888
22142
15388
17620
15233
7886
11784
2746
17577
8284
14043
23317
3485
24340
18669
4893
29861
19789
913
22023
11804
5807
7870
15649
11229
4332
21365
21422
23823
812
6590
1479
2199
15517
28435
4198
26433
21449
17849
11015
2589
16696
9744
406
3882
15868
22757
2406
23304
22527
8831
959
9155
29979
21970
8481
21551
11271
18954
23613
23259
23607
7313
29963
28077
16135
3497
19914
28559
16901
567
27632
1019
29026
3869
26240
1323
5579
5415
2573
2928
25297
22654
27099
17012
10338
26902
21710
28174
3374
20670
5773
19604
5900
22439
24856
4338
23634
28106
22785
21708
2016
15138
15692
3404
4939
17830
9288
10204
23997
18658
14732
9846
417
14497
18897
29648
7613
13079
11290
8227
23438
9796
19488
3607
17401
7166
27557
28677
11985
9092
11922
18236
21889
4160
22923
76
20612
26458
19756
23911
6843
27063
9528
16554
4424
6802
12742
20308
2608
19649
25714
13132
12454
13409
19545
20276
6395
11497
9973
14745
14648
16701
11102
21727
21558
1871
24282
27465
13419
14007
26883
14233
12719
7177
17248
5640
938
27952
10568
15115
6161
28062
19506
22369
2032
16575
22975
9826
9588
13468
6768
17374
26305
27291
9189
12959
2771
17906
7387
11263
6346
13808
27404
498
25227
20957
195
4883
25409
12058
15915
22132
8022
10750
18785
2114
1769
7105
13734
2265
20869
19492
2700
26289
13001
1533
18026
24512
6044
14170
26379
856
28047
24497
25583
17668
5583
15232
27197
11718
7233
29938
24447
12331
28964
10671
19958
12536
21933
5392
10679
20972
10497
14482
25918
25557
23209
5007
2875
4702
17276
11374
25610
1922
1697
10727
9877
24131
21157
9907
13767
26267
12176
19449
12398
22286
10715
15558
18004
7790
7420
19956
16447
11689
24311
1944
14957
13991
29219
12670
20351
15641
24818
24512
25855
6379
8268
12187
7938
4869
8892
24423
20343
10313
4119
12997
11546
25955
20725
20348
6300
27641
3682
4644
2340
22615
5179
19228
795
27911
7545
22863
6027
6893
21452
24359
20597
24008
3612
9101
27959
25066
4099
24354
11589
16304
319
28636
18826
19251
2320
8503
4105
16053
2155
28391
3105
8524
8557
6610
13086
20368
19604
23094
5431
28335
21196
18957
23475
8688
16907
14215
11167
10919
7967
164
20006
12560
29983
13619
19511
7463
8701
15321
16068
22159
4028
1483
28785
2913
352
18769
24712
23961
25386
25396
29922
1024
647
21320
24379
8844
19097
23641
5294
15880
15968
7595
7921
20256
21109
17780
20250
21134
26195
4137
851
29232
18903
11594
20501
16725
806
12872
16166
28781
718
9296
4984
6502
2067
10106
10009
2818
18407
5399
25569
7840
17186
7028
22939
27267
29855
10497
7622
12466
17544
14287
2507
7184
12885
18341
24865
15265
11344
27520
10272
6038
20419
22689
15084
7498
27846
21497
16634
26099
23491
5052
10072
5928
18957
1357
14820
2754
18759
25529
15465
8600
10931
8373
6533
9452
12968
22323
23029
11848
6128
28192
23251
19789
10960
19221
3892
19585
16373
8387
4412
20499
9521
25576
15259
21751
8886
7541
14604
7284
20881
4944
11778
29760
13127
879
17579
2939
29756
22558
6553
2190
4720
2277
18147
29340
8260
28155
18850
23623
19021
17820
18631
11463
26801
13421
10607
21067
12154
28467
29319
3044
12334
3818
17931
75
17884
7591
9363
20329
3034
20981
26864
7428
60
23345
12727
1249
25479
17025
2466
25306
20668
17232
25764
25749
11261
13929
5228
16016
16874
28436
25208
16936
16142
11796
4793
12256
3220
12869
4129
26543
10804
22852
15283
3957
5587
12004
7177
7751
10928
6042
4340
22277
25622
12281
23241
14776
28975
12467
16116
1267
17265
23857
27495
25702
9171
14543
24014
19316
8464
19900
10894
6290
15299
11949
28150
27639
16137
4956
2719
14368
26784
11237
28743
3834
4888
3494
18076
15453
3541
28161
28888
22458
16386
5611
13934
12991
10911
26224
7823
17883
26504
20058
15379
3803
7676
26739
24394
13132
8015
29528
26584
23194
8136
8911
356
14351
24848
29612
21755
10964
6256
5104
20149
15426
20529
19909
9688
18482
12970
18734
22516
14744
20051
5076
27713
22556
25592
1316
17953
27990
3741
10986
9904
9426
14378
9266
18484
24174
15178
20740
5569
26008
14332
14783
25997
18514
6500
5863
9482
4281
4713
160
29470
4666
13995
29089
9173
6644
17293
5638
15295
18076
3506
23800
24116
10879
28116
16806
8449
16525
19115
20332
12961
22783
11931
20721
17305
13260
23419
28532
274
10171
9434
6069
22426
8399
1103
5833
1269
21815
8036
4604
1385
27424
12912
9246
25230
11996
9869
4362
22212
10122
11467
8804
740
995
2189
9928
25353
26613
28827
21751
29140
7589
16894
13230
29525
3681
26719
24069
26371
233
28617
21939
29629
18769
9318
24188
8883
2440
10472
22112
10290
15434
29855
14745
24640
2037
20918
4362
14113
18
17841
16126
11472
16071
222
15538
20637
22461
24451
6725
28087
8361
19939
27730
13264
5275
11997
23122
23866
23240
28253
8446
7206
23589
7920
4012
19653
18681
28178
11786
21246
22373
21849
15852
21654
1122
4944
9355
10466
18668
5822
23563
1210
13867
23795
18534
4930
19118
23282
24491
3837
1081
11341
9215
5568
18977
12731
15791
1033
18771
2440
20056
10042
22472
23259
18320
8464
1612
26236
14747
8858
12192
3104
25935
6663
28810
25189
6251
19555
382
23901
19724
26496
906
3668
21398
24647
28503
7210
11224
13853
11891
21735
11675
11456
561
1313
5856
12374
6074
14940
28536
15084
21608
7200
23131
26310
12638
18482
25083
14477
17596
8979
18199
22821
2654
10132
24754
15203
18115
20777
338
21642
16486
106
27356
19237
513
29869
26860
26906
2850
12487
19169
12255
8932
10683
26371
12045
26488
10771
27721
611
11837
4898
2388
17942
3499
10928
27664
5391
27988
20632
15030
2639
1383
16804
5734
15240
22300
21748
5792
13529
28059
5572
21722
9332
25160
29735
9855
6692
25034
21348
24178
8617
10158
14052
28445
6310
18065
11534
21964
17132
28477
7180
8815
29122
10403
16190
15909
26103
14543
28806
24015
13555
8131
27917
9596
23010
1337
7228
1894
23835
1358
23944
13366
16232
3195
19080
13053
21579
17958
11029
18160
9848
29688
25697
12536
6953
12284
1797
29196
21494
13517
6139
13535
2377
21174
11040
27882
16453
19182
25138
15396
22704
4087
9160
1304
8503
6103
7769
4872
1739
25097
18076
12832
4677
11166
2314
29025
18756
23222
6421
25275
24767
10175
20733
12088
9213
2612
26070
3456
18419
7429
8577
13550
14202
24454
26630
17233
18968
5742
967
13290
15436
11304
492
10462
16514
10584
23384
8051
6730
18471
11390
29287
23537
10998
29968
6515
29795
5194
19471
9441
7931
6631
28928
13094
22283
432
3014
6182
14880
13158
18522
29365
21436
5527
2798
19128
17033
26523
13101
3588
3774
4222
11676
8329
27147
6546
18730
16874
908
1436
23132
1468
29570
2292
15120
385
23366
26730
14646
12437
23346
13481
4396
3466
8836
10107
13611
5688
9173
20170
6381
5245
16829
29725
13066
19194
7065
16780
13721
27547
26271
18033
13596
21292
21883
18656
4884
21081
1573
16155
13809
24481
12629
6952
23553
26202
21971
9935
8862
1197
18248
10434
4002
5608
3667
20523
21525
18807
16343
19114
23268
7313
29317
27928
21766
11361
8909
23671
1594
17293
2428
3922
11824
8941
21845
28419
24092
7214
23579
2173
18751
28806
3597
26457
16123
27427
26867
28082
25069
6861
28557
5640
20338
498
29862
4818
10094
18137
8228
12743
9839
3794
13156
828
13915
2237
17597
15255
11271
15951
13192
431
23771
7258
15249
7829
4639
24170
22140
16510
21414
19359
8942
3858
25880
2142
28131
16733
24900
23320
25799
20172
11924
24090
25052
14384
12943
5418
29455
27498
7255
6792
3753
12033
27685
266
27093
7718
8529
28451
26044
3372
5058
22320
29974
23741
29591
12002
23531
26270
18247
16625
20481
23268
24506
9786
16089
29949
4773
11590
13832
11591
4101
22762
10279
24025
23104
11718
3676
10942
9021
13991
26549
7915
29831
14187
23013
19024
3802
18987
29100
26875
5472
21958
20198
504
18136
15936
6616
6174
17738
16106
11331
10091
16264
5718
20495
2319
27899
26920
1375
14106
3583
3254
10408
4536
8487
18774
26089
22914
20928
28133
17238
15360
18670
5250
5820
6194
29734
15116
19663
29697
6397
7247
7765
21274
24914
20320
8149
14881
29157
11916
6265
29791
25641
29386
16734
3765
3480
6865
663
13680
21481
22110
2550
27982
10568
24277
6980
2976
544
23961
12914
596
23524
15920
2470
10790
29461
21052
8313
2405
22111
19671
5369
26470
9538
2428
421
23334
4184
13917
14042
15748
27514
13230
5961
1565
1360
18004
10303
3067
9507
1439
21496
11450
12624
3529
9293
13390
11494
14675
11127
19501
25033
12600
18199
2698
15858
1960
24038
13621
17984
19880
21408
22141
28811
29354
19891
1494
13241
13867
17886
28846
27063
15821
19901
23103
1782
21281
12780
2156
10903
3489
558
4377
19789
6974
20487
15114
6504
17767
11469
10292
7349
29569
24140
25933
25773
3641
16626
10583
8798
23227
16035
19284
18092
14508
707
21488
22916
4978
10283
27509
6885
17012
26349
14506
11683
10789
21613
13200
11272
1775
18472
13213
1173
25885
6088
4404
23374
12800
25943
2372
13265
29784
6975
20176
16667
20489
25905
12769
29259
8077
22676
3956
28649
14098
25434
21345
20923
27632
26442
14407
21830
16101
17846
29384
31
21181
27769
14215
21090
24490
26762
2030
14688
3674
26181
11573
10113
9691
2306
11021
7293
5751
11782
6505
28037
9990
19374
22903
25773
28938
5641
17169
29966
16836
15188
4756
29443
2056
13331
29979
19709
20271
6066
24265
19880
26160
6999
17563
5120
7103
11440
3410
221
25012
1829
5593
15098
1163
29284
11751
28146
23642
6188
14601
138
4635
107
8887
19479
7600
28442
16883
699
5843
22461
13912
13742
19754
16287
16093
27369
19179
22164
16270
8537
27739
1039
2877
23723
694
7016
6008
1905
17925
964
2774
8807
11544
4738
910
12433
6803
19687
22290
26949
16551
3784
26152
8553
23393
301
8034
27177
19168
27376
9480
24497
19010
6391
5149
11879
17946
15572
21336
4896
15872
26877
4405
16296
17239
22346
23954
11902
21913
24918
2160
836
13891
28867
10417
3242
21710
24715
2733
13126
9826
18264
28545
3758
14864
14583
5455
16445
15159
4352
3107
19670
7231
549
8339
21540
29198
2076
6154
8070
14146
20449
1695
7152
29364
16445
654
5371
18348
17991
7333
16193
3548
4132
15752
16067
7652
6544
14872
12221
26881
14742
29435
26985
21787
12695
25955
17120
4677
25487
13480
691
790
17801
18999
2377
25167
25658
15713
23112
18413
20880
17671
27928
10633
12987
9883
16021
5675
4899
21948
27422
22152
4804
22185
23199
338
22913
13185
418
18208
29409
22393
7813
6339
11349
8781
20118
11972
6238
4547
15754
12894
20362
1618
19809
11105
5898
7472
29540
12620
15832
26421
23425
18895
5501
4158
28158
30000
16605
5229
14475
10585
21647
13809
9072
6039
11309
19813
29746
6844
20433
29226
27034
27107
16820
15368
5382
11999
22220
24625
26835
29899
10769
13934
1118
20681
2809
28806
15212
10480
10516
7917
4445
9358
11921
1409
20459
25989
26105
3516
14384
19200
439
19196
15813
10267
23193
4059
27466
16164
28178
25032
4263
11472
17533
14698
20096
4987
19326
23373
25576
21659
6298
19960
18006
19752
18206
23190
13420
21034
18497
19349
16705
27275
9790
5970
29623
9345
27152
8664
23362
964
16096
16543
14628
10761
9739
62
24869
14685
28872
14229
3332
17446
5106
74
4093
11240
10287
12117
2263
22973
25689
21273
5263
27766
17472
247
5964
21315
25000
10016
18735
2272
14987
15044
431
22239
16179
8115
11908
7465
26737
22596
21058
11877
15131
9721
27624
4487
4750
22208
782
10398
6192
26359
7692
16079
2787
9544
27486
27030
27379
5165
11670
2609
26521
14443
15484
21233
16368
28226
2780
1401
22551
4916
16834
18426
10856
25673
760
26672
247
3821
13202
16824
16195
1891
14290
15986
13972
24488
8329
4989
2217
19556
22043
23322
29043
25309
9682
3616
6309
21182
7613
3080
7374
25835
11491
3866
15897
29999
18498
10165
15802
11926
25135
221
1276
16969
3179
10250
18380
6069
16615
12165
22486
18687
19573
13077
23029
29842
21231
12291
28601
8261
12569
18049
8120
26769
1572
22586
5933
12888
20184
20076
13438
4629
22753
10542
9235
10672
19289
8791
3514
28988
16624
25714
24111
7740
21823
11512
19265
1480
4234
522
29750
3751
28761
6374
27668
2808
555
26263
27043
22352
16513
20811
13608
13886
24036
380
26099
21255
11400
18806
15326
21520
6374
28621
15048
26042
4170
16508
25043
10177
8915
11959
16402
11883
5055
13245
6440
4374
4094
24342
19534
16803
23944
17940
24993
23689
14223
16971
6634
22903
29330
29997
12681
13063
26862
10934
28153
28245
6215
14470
27443
27495
1426
9684
9364
12077
29867
29653
15209
12291
5392
3448
9023
4156
23651
4161
19483
24004
16965
27489
17766
4838
21422
3846
24884
17495
29302
15518
2506
4477
14686
2080
20518
25127
11842
11200
2668
8103
10071
22359
13313
18615
14962
25771
18063
29801
22812
7061
13829
17240
3662
1851
3412
25342
4733
19158
15628
2660
10057
13257
15781
8465
12818
9843
6296
19262
14842
747
26482
2396
6158
28670
20616
15050
23352
12788
1018
2295
14309
20442
28201
24802
26459
6156
20534
23956
19292
17224
2027
990
12783
9198
9547
681
29748
15460
19842
6769
16491
14134
11839
22576
21919
8206
28
13463
5001
10243
6067
6457
4675
24186
28094
18992
22889
3464
13488
27341
19919
28351
18317
12511
12156
5354
9279
9812
2646
29988
8785
8705
6806
12822
6687
28586
27030
17329
12770
11994
21898
28434
27845
10687
15995
15677
4021
14382
4544
499
25550
28174
8729
10513
19751
1614
14065
4991
15642
20435
24135
29960
28845
12806
12392
6413
9520
23980
19087
3327
15500
27901
60
13909
14432
22262
340
21210
21984
19464
19384
29881
29716
16394
28228
5575
12533
15972
19141
8157
5840
2379
27010
7997
18815
15534
20830
15289
20888
3750
19201
22717
1401
8529
7327
658
11877
19735
29760
14557
15325
9261
7573
25523
7592
21768
18108
8141
6982
13440
21454
1626
28395
4209
26118
2080
24695
23551
5769
6262
29950
15799
4507
715
10243
26818
20070
13729
24597
4687
5525
23022
7510
11401
28049
29423
20264
28988
9899
17029
7956
10165
22131
10230
4132
25451
8344
3248
5198
19311
16750
26204
10638
19107
23812
24412
10951
13323
28257
2335
3643
19220
26612
7813
13711
1772
17155
22414
29291
5174
13610
176
21761
24916
5859
29403
26186
12268
23603
24399
7240
5298
11327
9583
5190
19831
694
22927
11402
28272
20597
29034
21630
6608
26516
12060
25837
13547
5594
514
28413
20970
14755
17976
10591
11975
15080
15563
11293
9944
16871
4324
19287
19860
22428
2021
6510
16116
2945
21966
3245
14646
12249
3549
22382
10719
11420
4291
3609
19394
981
19076
19432
17080
11244
19972
3732
17771
8669
8470
5728
26043
19643
15546
3608
18231
13326
25341
26873
7183
26503
1264
19142
2219
9662
1285
23076
13854
6522
23708
1473
12693
15599
7333
21235
1763
11320
9091
6688
1707
15541
15577
20833
2206
5708
4184
15271
7910
16896
12568
27902
16036
1552
14066
7488
16728
15784
21294
17969
5152
17986
13841
10198
9216
189
7186
19217
24208
25180
308
16373
26654
8961
7430
419
4528
12143
10391
11510
1691
12023
13715
4507
28762
17289
12195
22828
5356
6197
5759
26178
1194
3502
16591
19541
5660
24551
10498
23232
2854
1550
3054
8295
19167
9977
12162
27551
4946
7049
5829
22878
9451
4417
20890
5187
17236
22869
21692
29413
26734
16714
23954
28804
22396
26428
15743
24527
24104
4519
1674
6195
11682
18962
10448
28700
2176
28946
12945
7223
13125
19139
28761
27033
19678
235
22741
14956
3616
23341
10366
18101
17953
17817
23079
25019
1199
20077
9133
18814
17311
28821
13669
20843
26957
7772
14003
17661
19721
20923
9877
15298
16961
26166
21691
25142
4365
9576
19753
1773
13511
23768
6622
11379
17954
14548
14656
1
23412
8245
24789
20747
15292
3653
16208
770
3891
10820
13593
26419
22371
13696
14304
16509
13533
8008
13601
3480
28991
5386
938
3976
11607
1364
20431
24763
363
11194
15332
22518
10352
26504
18890
17039
23565
5602
29516
24778
13928
5664
7247
27393
23367
28845
12439
448
18568
19076
12726
6593
19707
11666
29288
26697
1876
25609
11757
12392
4336
11650
27458
25674
19356
883
19253
25903
4801
16949
11808
8614
15051
15264
16640
12847
2908
27627
8570
11955
13548
14410
75
3852
14466
11136
16809
28606
2239
18329
13053
8678
22527
13651
3602
6512
28230
4789
3919
22743
5179
26065
22874
18220
20314
13697
8928
4318
29221
1960
6884
1796
22595
22872
6505
8365
9972
28733
23098
27918
1605
6500
8980
29571
3225
17832
19802
21358
20540
28233
6764
698
5257
28508
28257
22251
18225
17766
15666
8298
2576
7720
8743
4835
9874
6047
9490
11622
28725
12937
6498
10246
23753
4908
28
18464
23492
25697
21173
27768
13039
243
28426
24492
26197
10684
7670
13255
3318
19367
12199
19352
22798
23509
4029
1282
22896
7097
6084
14481
23461
13285
28184
18701
15630
1492
24932
10687
5421
208
20326
18781
13377
15738
28831
18983
16492
2711
6413
2278
24501
13687
7630
903
20689
20667
27276
10790
18867
1450
464
14162
14328
620
10044
14118
19002
7383
3700
14709
22834
16287
13252
1921
21176
1940
12567
5675
20093
16971
15761
29383
21301
10090
9182
20024
28884
4367
13861
24566
15741
15128
26607
12058
12343
25026
12976
20739
13800
8109
26411
8724
11097
15552
3798
4094
3545
23463
3876
29712
23925
662
24863
16608
27105
16326
28698
24062
4289
26004
17883
21045
17432
29363
13177
9888
20541
19393
19592
5437
5264
2318
23509
28381
8370
8271
29553
3776
25563
21090
4380
11383
21712
5837
7040
20123
7981
16385
2466
21616
4918
16546
25536
10875
3106
18383
27215
4476
11486
11315
11004
17236
1903
12009
21345
26829
1256
21341
14805
18157
23545
14994
13491
25381
5637
22307
23088
19385
3706
543
6635
27854
13036
29354
12470
8113
26448
4830
779
22067
27615
6280
10490
5361
7854
22433
20063
12402
8047
24605
2293
26683
7430
382
25765
2175
28464
9180
8618
28227
27328
19070
7771
15195
5939
12679
9846
3338
12579
19254
27625
24154
19896
18164
3835
27300
21679
14495
10145
24687
9983
8669
16059
12663
28353
3524
9665
20048
20906
14722
21096
6027
10210
25450
14877
26443
23546
23791
24809
23878
7802
14904
8619
27122
17539
24982
9563
16790
27072
26791
8101
23863
29192
29940
18692
17473
7958
1443
28137
8840
9546
26911
12404
23003
29881
17303
18849
27393
25813
26332
24851
12090
5474
22615
28682
25824
19444
1327
13768
28851
16639
24790
25747
9920
24586
22547
256
21134
12007
16514
6620
27897
13885
11694
19526
11719
28467
18652
18505
21620
21193
1697
12359
12104
12558
27359
1310
26114
23066
7096
15233
1137
772
29546
29778
16680
2325
27035
23331
21362
17085
29668
19299
12731
12214
17669
24932
25625
11131
15097
2164
21026
9166
19219
1229
23612
15479
10450
3711
15665
25212
9580
7305
18934
14196
16312
6979
20434
13302
10465
29864
18361
20225
1730
12165
10161
26588
4563
19201
402
3974
11425
23770
15177
8242
21410
17086
29384
18840
26906
16358
6259
15310
3973
26655
18928
1581
5855
10890
3219
24691
11977
8262
23459
153
18299
17023
6980
16114
19092
25946
3802
20893
20423
16914
15971
18441
18220
17125
5026
18518
25637
11744
27782
1377
10970
6793
19830
29205
815
13085
15869
15192
12279
26967
8158
22481
20995
6233
25852
5391
16786
18610
18655
24287
20654
15643
10882
2949
330
12598
25560
14828
10456
14226
22353
16045
25888
11904
15824
8475
2773
11315
9813
28094
29185
29878
8787
13581
8034
25548
9032
27377
28557
7695
4110
9971
5245
7659
5814
24573
13549
24642
7863
7628
7281
8430
8390
27664
6609
12330
25392
11328
11031
23785
6742
11205
4797
22237
6061
15183
7535
14683
580
5239
15902
27028
2098
5596
27467
2258
12641
17640
7586
3887
28139
26869
11953
23448
12130
11146
15144
28105
9867
18096
4063
21747
27087
26276
20071
29280
24037
703
158
23992
22871
14191
27559
2494
23518
24392
21554
27416
24522
10173
20110
24021
3103
24598
11625
12491
28421
14049
20743
9746
17487
19203
29861
17384
28958
27384
4907
27277
735
20244
27731
3400
27805
3713
12655
22681
27695
7648
20524
15381
23371
14443
15554
14756
12156
11504
9474
24299
28062
4523
16482
28142
5031
29878
9991
19176
25398
1621
21878
23696
19645
23702
29622
29436
7605
3252
9537
26104
21232
10713
19068
23881
4487
7156
13197
12326
25069
10910
14391
21214
9263
20053
9073
22185
19915
9412
9399
22868
29854
10902
26582
11421
29269
23653
16424
3628
14934
23106
17921
7272
17293
23707
28222
17045
2464
7996
8492
6781
6356
18276
25295
2809
18695
2991
5874
2416
11835
25652
11821
7815
20195
25873
18632
28655
23871
3915
5823
18755
25762
29304
10569
21160
22306
16905
7341
5170
16308
19878
1139
20100
28685
4195
15686
24448
10192
13744
3991
29528
11932
7438
6964
10672
28519
13843
26366
8940
20959
15288
2027
26241
6682
10942
17635
26287
19497
21325
11944
20689
24809
24873
28760
11976
29270
25329
6237
17772
21071
22745
29423
20788
22393
20798
5108
16463
11
27838
23203
27138
15561
7540
14405
24788
12188
25212
9137
9272
1206
10740
17147
1680
11309
9015
17681
8441
12242
10004
3695
15782
11214
9852
27227
22191
26745
21358
22241
7166
24993
26517
13467
4188
3794
19074
21517
16979
77
25241
19684
18490
1736
2981
9892
18643
9469
13477
23343
1400
29867
15700
7120
3764
8781
5254
1849
17520
25938
23327
27480
18337
3889
19507
28989
13213
9622
2345
24196
14934
9118
10218
29378
20956
23884
439
10684
5917
6972
4828
4340
7883
26647
28555
11027
5426
9472
8642
5194
13398
3728
1220
12084
10604
10018
3258
8274
1182
20570
12558
18771
20739
10603
21644
15804
6460
15462
28695
11450
4821
25208
21959
18065
2353
281
28490
15171
21751
27027
2369
29437
16694
3561
12449
8996
27316
13279
14217
21953
4338
3480
3281
11502
22671
14524
9593
13871
8386
27183
8803
20364
6486
11541
3984
23393
14787
21768
9222
7531
26793
25479
21615
9727
18874
29681
7659
15192
17377
19710
16543
25525
5155
29317
8746
17524
2886
27738
2639
27077
25098
17213
17915
8552
12758
11393
21421
1826
28155
29817
24297
14893
24022
3784
5579
20922
23631
23026
8380
23529
22013
22499
14806
20463
14077
23609
9401
19018
20602
29702
9066
15007
26751
28990
9249
17542
23541
15497
3382
12105
21100
11957
16238
14485
25940
7499
14531
5899
23659
8611
9701
8015
4955
9700
7902
19361
24125
28035
15251
7110
23798
18121
29120
15137
2593
8769
4480
20100
3937
21877
12709
26118
21990
27806
14925
23477
379
29791
11641
20180
19017
18547
27421
1996
10570
6123
8671
15205
27813
4802
3335
5975
20709
14483
26095
877
13415
14465
23112
5834
17171
4819
15895
13504
5311
3925
21727
1962
10366
22736
23451
16620
19807
23407
22898
27440
22246
17141
28592
19728
8054
11176
6552
19364
26575
15081
29058
11826
27002
11491
13466
16688
7109
24262
17243
7543
28365
6673
10604
9686
7443
14384
13910
2920
18176
20571
14579
23435
12737
23056
29871
12818
26985
10548
3680
1015
28832
24024
10467
15636
26772
551
6801
22161
499
25627
23667
25368
25387
17746
13597
9908
16549
10561
6264
25720
18849
23470
16847
5371
7355
23466
5013
7037
27497
15377
15866
28998
1029
23555
24570
8219
20976
10769
5683
19143
11110
25132
15032
22559
29171
152
6167
10312
7353
29845
17829
17493
12420
12650
7120
15428
23977
672
4333
15914
27882
9755
21127
21069
28779
25069
11992
28775
17364
10033
2565
12752
29141
13746
7170
9961
16093
9439
10600
926
1672
6730
19469
23057
29810
1056
5916
13009
5620
4591
13887
14433
3004
13296
16470
338
22699
1919
26415
5240
4005
13464
15067
19407
29758
8091
5446
23930
1369
5370
417
17870
2478
127
26405
10425
5313
28304
2786
16751
24498
23599
11982
21890
5428
15241
6174
6397
15640
21758
18219
23323
28486
27628
17138
23752
13371
4945
16871
17836
4055
20855
29654
27263
19872
26430
21578
19707
27408
4057
22700
24602
4302
28564
8467
21241
10398
8056
5193
16781
24031
21698
7583
24272
23422
7470
16663
1113
26845
12693
20457
6170
6325
1004
3381
6016
5162
28676
9887
16769
24261
7535
26378
19012
15123
13603
11647
8866
926
14651
7688
3247
29807
20340
1150
4869
3405
7385
7247
16328
29070
18499
27638
15388
21739
2681
27912
19194
11209
8428
5688
1022
1840
28030
15913
16008
2091
18284
15497
24640
3046
9174
14748
9948
4436
9531
901
25202
26913
8255
18743
29261
19533
11932
2175
24100
13958
29767
22890
12714
16565
5667
18077
9144
29459
29625
687
13140
27792
20877
29690
22990
25920
12373
19767
25236
11425
26688
19857
14971
25492
24844
2514
25654
8449
23964
26973
22358
10733
5646
6476
26065
28558
20264
10802
17516
22057
18782
25710
2892
22072
15293
23941
21382
16561
21614
14977
21093
13791
9182
26004
10658
19492
24050
18009
26012
18224
22994
9690
4560
13175
20900
10645
28493
13768
8148
4888
3123
13573
9440
26570
19871
29704
7154
6443
4620
4535
6888
4336
14329
7597
11979
7081
19295
28066
21103
24650
20987
5502
1096
3480
27447
231
14595
10993
2019
14399
18440
28532
19730
29272
17835
16740
2623
8368
13898
8816
5420
19708
13680
12752
8109
7001
21058
22643
9930
1072
14261
19555
18652
27759
2584
22872
2364
18860
22098
13908
8963
5486
4747
11103
2779
8700
12849
3390
9109
9280
17366
14959
2879
4060
3344
27400
3552
27189
13177
9709
28804
2889
5815
16305
17294
24977
28911
18618
2996
9793
6897
16088
11623
5507
17296
5724
14763
16750
7410
26051
3617
23758
29412
21073
18338
25493
23417
15969
11981
8356
10965
8418
1827
19424
27624
16032
18705
27407
20539
11821
23147
678
6938
2666
16023
10116
26656
12659
8955
2475
26998
6804
26334
29088
5497
17825
665
24498
27926
18163
27224
21903
22259
26071
8988
430
24208
29395
3783
12600
18937
3168
1541
5733
8830
19808
6370
25792
15983
18834
5705
27584
29438
88
18598
27464
5792
23890
1068
12691
5358
27937
7615
19375
10245
20155
3983
17917
19267
4698
27975
19107
19964
10673
29649
950
18816
13522
21416
27765
3221
2264
25720
12360
17060
27557
27972
8861
20090
28614
14259
11087
9015
12665
3204
7681
14883
14678
8827
22001
25391
9422
4758
7338
15699
18287
19200
24392
6055
19941
18251
11078
6682
7054
16541
24437
5668
2481
26044
536
18011
19294
28881
2096
1448
4505
21209
22406
6288
5621
95
27320
24300
11232
870
25199
1072
7049
4719
15230
8424
16898
14385
18233
19315
21152
18183
21760
16251
19476
10480
7926
26985
27996
7066
6228
15234
14892
12759
9114
9876
14565
4347
21828
29710
11956
25513
23900
20283
14394
29692
24195
4113
22894
23676
24655
27037
9445
7855
21665
1989
10076
22097
12027
22356
3497
7209
19261
10309
29168
16267
20287
17288
3386
2502
9361
1421
2009
13408
831
16391
18844
4754
9594
2258
17936
12040
22679
4867
4773
541
16265
3217
16072
4144
18194
8270
23549
28391
14023
7886
14734
13499
12980
28587
14988
11715
5582
22951
19539
20938
23205
21446
4185
23300
20838
1159
10930
1406
25501
24144
20067
12386
9668
22874
2580
4912
27017
21671
12041
20959
19628
436
5940
11571
6723
22368
16237
25649
7855
23056
27315
12132
21317
19113
9819
7740
27223
27415
23031
6818
24004
13437
22172
13273
12938
3969
29228
13107
21372
8491
14336
18497
27654
12328
8383
2241
29182
885
13900
28859
18468
1190
28994
11681
16163
28281
17832
26203
23971
19298
24519
3647
4500
3623
752
13776
12779
26497
7836
17950
14
9346
27420
10138
1055
29542
18123
4490
25447
24171
3584
24027
1642
18749
13131
9092
7719
26934
21090
17312
26511
23397
23743
29744
11211
24308
2289
24003
25542
23477
17517
21153
14049
21405
9020
6101
27485
8376
1421
26610
7227
15097
15660
23066
2637
10110
13730
7897
26106
94
14932
13498
21804
10661
2297
20975
1238
6237
29678
6734
12093
22631
4301
4118
27944
7565
16430
11919
23785
29665
3974
20203
25527
6012
337
26924
21764
359
7293
15958
4168
15056
709
16709
19823
2957
15618
6833
13498
15186
12201
11737
1080
17334
29131
2797
5439
21967
381
21277
19406
18328
9747
29113
10914
26488
23403
7059
7211
6773
3509
10138
8525
3193
20464
7602
27709
24246
10120
4761
4253
15935
29475
8855
17602
26027
15562
28306
8576
11290
16803
22372
20910
14894
3316
18378
1144
8613
845
20166
15956
29478
27344
20136
3161
7031
897
6521
17725
6540
410
18904
15736
20676
7846
7794
26046
29614
8352
29358
12741
21003
14050
26970
19342
29686
9560
28615
21910
6665
13180
6974
19595
25328
23396
9158
26167
15
26478
22026
9376
23198
21658
9585
19828
5852
27400
6166
8251
9437
6286
27098
19466
13751
23659
19327
16029
11185
18895
4306
22336
17634
14524
18148
19531
20168
14167
13280
14129
15998
8907
14355
23769
25981
25518
24696
28088
7736
2499
247
8524
23176
26848
18395
3268
20727
15018
3389
5435
6011
4818
29047
8338
12318
8665
11160
24289
8614
1179
26981
9678
23092
16106
10775
20997
16535
10479
23505
23969
10517
25733
23779
19446
17545
2551
10700
1270
29916
24595
3879
27065
13899
8428
27430
13023
13936
13445
15668
29967
24441
5421
7181
23904
10363
8075
13480
1301
29847
27166
310
568
13102
2511
20540
25836
25632
28438
20646
3629
17074
21010
24934
15833
18568
19548
9872
6546
18142
22219
3441
7023
26702
23261
91
568
5766
13210
16377
27852
24270
24431
16222
6027
12149
24030
9012
24763
29706
26544
12307
25251
3092
16321
128
29752
29298
23730
1032
17
15320
9186
10407
24219
19035
12006
9168
24991
12409
10053
17866
24826
28201
16770
6090
28288
28636
20717
1969
12911
25484
4965
7955
6439
23511
7782
21998
3846
4934
18353
20326
4412
6797
1501
23979
6813
3124
3353
10012
10354
6447
18378
7719
19449
7616
15500
22578
4400
8505
5306
28962
14421
10380
22601
6943
8417
24150
8537
23978
27216
4652
7645
17019
5238
18226
27391
29563
14207
18174
11085
22126
16870
20394
12904
4689
24497
2954
17655
21392
4784
15313
22706
14490
6432
14014
2654
3083
13659
22633
7274
28778
27670
5478
23584
29186
12810
19790
16731
7264
29473
27926
4004
12435
23700
27076
19193
10807
24620
3384
16788
23631
11165
3627
20640
29252
24272
688
18892
18296
28246
10541
4037
18778
7908
634
6766
27923
24009
29156
4553
16221
22321
10142
576
18386
5450
1065
4122
6097
24892
17508
10784
681
25503
22682
16074
8093
9043
18936
15059
7264
24092
6353
29085
27624
1829
10480
19998
10392
4917
12829
15592
17119
4790
23362
22916
3534
15762
16915
21447
8273
3876
13042
1084
17592
7016
11988
24878
8791
22311
5866
18206
4560
8204
1350
4277
17477
2740
4878
17267
8439
29816
28179
15172
9883
5929
13454
21278
12643
12980
25743
4389
14589
13813
28172
1928
20300
11351
8510
9467
19022
21806
12671
22142
8847
7759
28769
22210
19759
24985
18475
29682
2253
14796
22980
7057
13018
20366
1338
18527
4930
12866
10791
9991
19232
26847
6594
5263
23581
6799
18003
12395
9169
21504
2619
28356
12044
9999
27949
4834
10299
5266
24238
25233
19100
12848
2294
6827
2607
6252
28201
19028
20718
17931
22386
4746
29857
6874
18628
6093
27057
2447
4736
8620
29267
6778
12568
4362
3138
21628
1760
18828
19155
20304
24369
27371
22600
28602
12468
17439
5086
5034
5729
19126
17672
9905
5912
10278
17654
11518
26723
20182
22651
20416
14050
9865
12286
29366
29126
2089
21523
5404
538
23881
23586
22044
677
17393
27576
12347
5141
1422
21569
9380
8777
24899
11438
13874
17160
24174
23212
4047
23873
23869
22859
7666
15932
21802
23821
6042
15237
15948
7279
18493
14165
13709
29693
14383
20437
22143
20017
8499
4923
12579
2586
22170
207
17746
5075
1956
1684
9718
20497
2798
26908
19668
22174
17921
28083
19812
21862
29311
23324
28479
29836
15115
12648
27902
13749
3239
20065
19014
29959
10445
2408
4034
14368
8224
2373
2694
18597
29835
28231
6508
5706
23738
13932
28918
14625
10571
457
27135
4999
3506
2010
2400
10712
20151
15395
7142
2719
7559
1691
22461
11665
28570
19486
17739
15199
6861
5739
7366
27126
18821
7761
13405
26235
16225
8633
18352
18019
21953
23008
6249
14433
17578
25856
27406
9511
7691
20106
1721
16674
3325
19390
5683
2797
23521
6120
15711
6279
14780
27092
11424
9832
5999
13725
1821
3075
1424
17487
18516
12899
4741
1024
22344
25953
24426
19215
8539
27181
2444
11082
145
15612
2012
18809
24863
14414
23737
25560
27404
18655
23349
28845
25738
16685
22848
8346
16776
21371
21044
6990
8965
14335
16640
11295
10472
15182
15923
6213
15348
21386
25731
11761
28610
10566
28358
13352
22952
23265
17219
14730
24053
13341
405
26907
11689
17696
21014
26685
20244
12190
13787
22838
25638
7129
18817
9022
24080
14247
3781
10895
3401
18856
4827
22934
29292
19855
13412
4127
6597
2200
547
12195
15367
27188
5660
14341
11214
14660
10202
10726
1811
24476
8937
22077
23800
29517
420
29500
5924
20941
13631
6113
19701
109
17278
24614
28515
10696
28257
21009
2645
2360
3480
10215
14657
16633
13680
1264
18141
10884
8933
5666
1281
25218
12745
15973
19333
3814
11917
19645
16358
17755
2939
6387
15670
20282
29173
25450
20384
490
15435
8787
17689
23426
12965
27233
16499
7199
9401
18880
7226
21852
29756
27691
2807
27731
9460
27697
27028
448
10241
10924
18171
25340
27189
24739
20230
22327
19447
639
28137
4220
18500
13936
8799
27212
10571
22396
26461
20897
3397
13096
14142
7351
8499
15341
4908
25138
19442
15414
8330
27252
1113
7116
2134
25309
23
28148
21428
27409
4338
5908
23772
27665
18220
3681
19358
14913
7431
6966
15882
12236
4624
13353
29363
11770
21362
18478
12815
17371
15591
16233
705
13188
8468
11551
27124
16223
19147
4797
292
2507
12419
8591
19651
25856
17347
17675
16304
14363
15303
17244
28958
25707
9764
22898
9721
20821
22751
17398
10117
19801
22368
26555
18233
3172
28892
28420
5247
19899
2832
14463
22542
14646
6712
13874
5324
15705
22556
29659
27794
13041
27813
10322
19497
26192
22753
1418
23140
29878
27615
4047
19569
14772
10495
23750
3870
28555
22164
1668
28918
15593
6482
11535
29370
29799
17128
25557
7965
22166
25739
20384
19028
24712
23484
25019
29853
2941
4432
26056
20244
4102
5003
17345
17050
9421
28491
27422
22891
605
22575
8208
12805
17827
29877
26001
6569
2630
13264
22631
5039
5162
28754
26367
22529
27475
20027
29684
4729
28477
20663
8595
15403
12589
16000
5196
9044
28757
12889
6001
29470
20914
7158
12364
29628
12030
3849
19752
1671
10798
12779
3029
3981
14484
25354
26648
28040
21748
19828
932
29462
29571
23357
14717
28101
4247
17477
11959
27186
22105
2815
29397
10903
29824
1857
2210
14368
14949
29193
4437
8138
136
20087
10877
13360
18320
6704
27900
1491
2132
8598
15422
17052
111
1216
16046
18325
4731
3620
27523
11073
4784
2759
11272
6623
22967
22259
1215
20011
19139
21134
14006
10810
4055
690
23581
5401
13270
14293
12880
18341
372
8593
17947
4366
10778
28692
28822
17266
4094
28501
204
14873
12936
14743
6120
11626
9144
14106
3973
19599
23234
10201
17894
2455
27491
25764
8503
6491
8999
22636
28855
15423
24868
13599
3973
15342
25806
15584
25018
9427
24273
5358
7544
18113
20438
24917
7449
5333
2907
23415
12592
12268
21343
17974
17557
24719
24982
9245
18967
2585
559
29936
22314
5982
10189
27548
25037
26640
26451
4225
5379
19944
5344
22112
14338
1778
6983
27084
4063
12900
24131
19338
14273
16896
14009
14861
26682
12921
27537
29558
22438
25096
23961
25310
18015
26914
27687
10160
13243
29338
6452
43
29048
22779
14888
10057
17919
17311
6966
23996
2625
8392
18136
28990
3030
15009
15001
10142
16779
26668
21337
19669
25258
28381
5169
7781
88
14054
23864
6770
28176
7686
23069
1340
11330
19043
19717
19600
3284
14568
10977
26253
12093
22734
20160
12229
24573
27912
17021
17492
26541
25283
2773
17268
20860
18637
25091
13948
214
15532
15997
16626
22825
23275
15617
24463
22274
6476
5661
5667
8343
9856
26502
4392
10232
10013
14139
15815
16989
5117
29109
20037
21531
16643
24030
19696
16277
2823
22880
27927
14720
9574
18921
26691
29451
19972
4677
29204
3031
24936
22663
4083
13336
6125
10452
17123
29383
22271
8006
8890
17038
3096
16740
28784
22626
12456
26483
7222
15881
8888
4257
13575
13733
282
28203
24991
714
17567
21359
26811
10415
23403
4956
20062
11310
13712
5849
10693
7670
10004
21163
20503
4289
19960
8452
5662
25898
10766
3727
22398
12317
17810
917
13635
6291
9024
16057
24694
1456
4543
4899
29569
24178
21889
20156
28807
696
16989
14082
660
16805
1253
16411
25458
12081
26770
26452
410
28112
23645
27714
18727
25256
7309
13272
867
13655
12542
14878
18426
7597
7259
23910
24114
19092
15333
8656
12619
21361
64
21216
28899
21769
2116
28446
4029
13344
27679
18968
8437
25271
1008
11636
26962
23678
21723
28265
15412
29153
22003
22917
10328
19425
13778
24661
830
29605
8736
5067
5032
12827
18794
15147
14944
21856
3917
16605
24634
28196
28568
3926
23420
7308
1971
29244
26794
14160
23598
29612
28044
5649
23540
21865
24722
22752
11499
25256
16723
6794
17257
8960
21185
6128
16734
14804
22426
8483
475
27902
15142
24513
8903
12300
9055
5564
9258
211
3953
18857
1810
3149
21186
6162
26955
21722
3160
24483
24797
2130
29770
26038
11363
15182
2109
8651
19681
14477
22865
26708
20798
12903
4525
24433
28668
823
6604
19950
2336
4827
25166
29400
12221
20433
26120
7293
8507
5816
19087
5596
19536
9491
12005
16027
24686
5260
18529
25906
9441
13897
20503
11902
426
13827
14279
2477
165
9540
23194
21963
29944
11122
29813
21429
18943
28208
19345
22845
25359
11887
893
24026
18908
27972
26448
28052
29626
14376
1886
26417
15113
21865
13953
27663
10612
7005
26278
25664
3475
8325
16764
22576
9118
6782
5188
26889
28421
25294
23905
28803
19544
26058
12014
19008
10553
27990
4416
13898
12347
18498
21898
6336
1598
3518
16944
26013
28710
3457
10728
16757
7776
10582
2017
2241
4179
6272
10019
6906
5837
1663
11140
5048
16203
26930
27290
26057
4529
15128
28530
23387
24649
27285
3055
15104
28382
7289
24784
10070
14285
14086
20182
15653
1621
13470
29067
16055
15150
2992
28607
13599
25845
3704
5053
14842
15868
24012
13470
20964
29943
17190
13340
6151
1701
25214
29588
21169
4894
16029
26227
15338
24661
20546
25046
26096
19841
12038
15344
18419
17085
6994
5018
17316
16726
16245
23008
12577
27714
5841
19908
28447
1643
1065
18459
6900
25232
4242
7853
25134
29569
11060
17182
26889
8045
18192
22004
9983
19352
20812
14775
21972
21681
25978
27237
26444
24505
3389
6133
23664
13847
10885
3172
14846
26790
17080
10135
15275
26893
18846
2130
27639
12999
11939
25875
25949
19737
12953
17868
4834
27700
12136
26298
28836
3833
29042
12856
6800
25440
7366
6533
2908
6572
28127
14801
701
2811
14448
18600
1188
1299
9022
14521
17034
10193
19472
4499
12768
18435
21178
5990
13947
9190
4382
20346
8177
8564
17778
4750
11209
8282
9712
2275
23319
6365
157
3774
11592
26584
10466
2456
20091
13672
10484
16744
14099
3995
18602
2372
24395
17022
4402
5496
16213
15369
29308
22616
28686
16369
20548
25375
15439
2833
19441
499
17992
23183
16614
19482
4307
11411
14623
17968
748
4583
26361
18480
22564
20850
24801
14066
13789
28122
15174
21209
28759
1808
20349
16590
4735
5199
17605
7389
28586
13578
20859
25802
4802
4149
4547
20836
15864
28953
1391
515
10521
19501
26029
16658
29192
6031
16327
10226
5151
4922
29892
218
11719
14677
19951
10354
16543
16284
2056
17601
8021
14767
16401
10885
12191
7936
28295
26227
21323
6106
22367
20349
3681
28996
21755
21467
27442
19949
26076
18671
25330
12206
13587
12563
26666
22392
2886
17670
7551
10750
24726
12252
17126
7550
20523
11186
3769
23389
9273
4819
25046
11632
29894
7961
8643
8716
13742
22257
20923
20757
18861
20141
19414
26578
18148
3324
8083
13428
13478
24964
14276
13222
21207
26851
325
15890
12793
7876
9615
14899
8345
29844
28323
18169
26118
2589
11344
3192
16897
9637
17722
15662
29875
4213
17396
17661
20768
2354
14096
2361
20276
9936
24950
27925
18284
15671
1420
14955
12902
17265
18583
28579
2526
29991
20495
8655
8974
6296
26464
894
13895
17495
20940
14731
3539
10675
8376
12225
807
12901
27177
14629
28332
24479
24980
13998
14001
28306
5361
5313
14976
10247
24906
26260
20327
6632
17923
5078
21745
1628
18985
21852
28827
26599
27009
28169
14509
27552
12610
10447
8128
2652
26584
1415
10418
19748
10869
13161
23060
11018
12078
9516
25953
2643
20771
8981
21439
10913
29279
18781
72
23463
10504
8210
21789
13893
24034
4138
16874
29032
26756
28565
19085
8796
27326
8914
29449
1962
24884
27695
965
9284
8127
24501
12639
14375
29423
27352
27838
3326
19375
15802
8508
20183
25230
6337
26018
16491
9658
9798
24894
21178
15465
19098
18914
29035
7641
3247
14757
3396
16182
22235
3417
7129
24748
6207
10367
26303
13314
18581
5074
11376
11224
15663
28025
22130
25929
26374
15033
5034
4208
6611
2205
28346
22690
5288
8251
1378
26184
9471
2834
9405
2296
5722
18062
17117
20540
3237
21029
12111
19419
715
18984
18231
16421
10293
13028
29282
12175
2133
20429
531
26009
26017
13296
12979
16413
24021
24056
25448
25238
28917
4593
6672
747
14141
22883
9256
13154
5563
2186
6966
24131
9343
4250
1444
11599
11136
20073
13040
18498
623
5566
19854
29110
15214
16183
2918
10706
12005
27484
26847
5401
22651
2929
6778
13812
9992
1155
2062
999
22133
26054
27210
22090
14198
13157
12491
39
29252
26684
27400
27568
15971
19827
29050
12013
24896
14746
23301
13167
29836
23435
11705
16896
7849
21105
25670
922
4264
24012
5130
16369
23733
3871
19079
23679
29084
16851
10733
20914
21067
18889
15236
25102
5719
27128
4936
29081
24190
25449
25703
14127
18308
13736
10617
11270
6527
11194
3141
26205
20579
730
15952
13813
16930
5201
26962
5804
11237
23692
24013
11066
13962
29231
11328
28552
7544
25311
14147
5444
11211
16089
13491
20095
16166
5009
22117
6372
6268
10274
11314
12181
26995
4532
28319
19750
24837
21085
4879
15478
14857
891
13216
29688
22041
11208
20456
17975
14157
29299
310
6877
13213
8803
19494
17361
22845
14189
6408
3789
20605
8700
20552
8772
20518
14263
7916
29402
1398
1872
18229
7690
6551
7040
3910
21392
2082
2789
967
334
5602
8433
24704
9803
23801
8068
13627
24195
10771
5051
8150
29313
11471
28648
16586
24155
4206
24904
3516
14982
100
14487
10783
1899
10792
20555
20126
9936
22713
5336
5281
4859
12000
1247
23423
5396
23707
14709
14080
13799
13123
8831
16277
24907
3086
23158
22716
24683
4609
26853
28374
2563
3211
19792
2185
7709
2603
2481
26488
9092
5855
21578
29419
17045
9089
17955
29792
15752
11250
21874
28154
9134
14121
29839
9913
6701
14696
5177
21754
28533
12062
27257
21334
12189
22161
14694
11951
22535
2074
10501
9395
19509
27941
4180
18319
1095
23727
18522
9967
3934
12471
2566
8165
21342
10304
1214
17541
14652
8044
12146
6587
4445
415
29044
4476
16264
5871
9106
19293
29320
16877
12501
21752
23704
11413
23277
29400
26438
15798
23983
11235
8676
27666
16829
1798
2007
22622
23379
1789
1617
19610
9525
10197
4313
18998
28027
23065
28637
5841
9851
10883
8494
11559
2036
13386
8002
29676
19521
5133
21479
18152
22794
24149
3381
24896
6937
1546
27819
29805
1690
23749
29243
17279
2353
2989
22133
14045
6441
18265
21522
7441
20446
11265
18341
12747
29952
24213
5035
27384
29193
9806
11882
29752
28847
14841
187
19664
3278
14250
24709
382
19951
19930
6270
18153
7663
25592
18672
17519
13426
15669
8570
4693
1673
19224
10215
9037
26658
14284
13999
28562
11760
11391
26757
10043
13
5755
26728
23371
21577
7532
2147
25988
29812
18906
10161
16387
2204
21055
8740
26981
1703
26388
11518
7686
4409
752
26194
3053
2966
24409
851
29150
28997
15123
68
12585
7967
20747
16058
23771
14142
29210
19121
16482
28743
21903
17825
10079
25865
26747
14425
20533
18313
17548
23933
5374
16294
27620
26315
320
26061
22705
12987
28838
1288
24106
2027
14037
12165
10982
10260
4466
20924
2827
16209
13949
3845
26945
6221
24517
7804
22913
27133
13131
29078
12334
13344
27443
9740
24197
17668
25074
27616
29656
10786
12563
762
9217
24948
7354
25171
27937
1341
25318
19181
22504
22298
16927
27773
20775
17427
13076
21273
11149
20327
14947
26346
9081
20465
3533
24339
14339
21675
2093
28230
8243
14294
9806
29071
15757
2519
18539
26488
28680
16979
3570
21089
6053
19395
9333
29810
21105
1254
20946
14487
18256
4644
16023
10981
8292
27080
8173
18901
19762
342
20322
16058
8277
1138
10336
28139
27979
20740
17887
9918
3485
9660
125
6580
4490
15522
21192
16780
25551
9701
23191
23582
16236
1010
14404
13105
8403
27669
9001
6666
22940
23287
11576
20889
862
22658
13470
5345
7519
20832
2609
4241
21063
9280
4721
16854
20209
8381
21118
25187
21803
7988
24721
366
17577
174
24387
9099
5806
697
5611
20608
17253
8689
17255
21492
9469
6817
24483
1935
7151
7118
14152
16296
19446
24470
12736
10269
18299
10469
25992
20182
9625
19856
14163
16240
13589
14525
12558
27082
12778
16246
554
7437
26778
14321
27165
26919
14150
13286
14683
20263
21543
12757
18540
4831
8616
3958
26864
7136
3987
10606
18826
19804
6256
26230
16809
1020
28677
25923
21133
24382
13329
17409
6691
10160
1027
21219
11392
23990
3088
28280
19888
24654
9021
5507
4282
1947
25261
27899
28573
28250
12770
16328
26915
19191
25228
23629
20541
21198
28763
21173
822
8319
24185
25482
7381
6216
8550
14739
12391
10938
23217
15532
2034
9852
903
14580
1352
15232
24603
8872
20597
14678
8965
24014
19802
22943
10814
28187
29917
8185
20391
14427
18368
23974
10254
23675
29299
27007
21940
13134
11523
10754
27252
11623
25139
17841
13781
16688
28955
15783
22898
10159
21977
677
28624
14931
26290
3532
22127
16316
22740
14879
22797
7781
29333
7704
2976
24722
27357
6102
11119
8731
23275
21719
29886
11042
24324
24534
6621
29314
25664
14423
2985
21384
22943
10865
2871
1472
18086
2405
19621
23113
14234
10189
13261
25449
21794
2946
328
20442
7398
901
5706
24677
14759
12640
3193
6179
6271
4217
13207
12055
21288
26856
25534
2595
20784
5663
10346
14451
12630
983
26296
3225
18197
12727
13929
4830
2183
4360
15618
13720
7840
11951
24150
14289
26058
18267
18415
24726
8641
27256
12039
21387
4682
6970
16168
17859
3543
21404
29701
2402
14379
11797
7046
13479
18069
29463
17021
7452
15271
29940
1377
7674
29541
8730
23488
7682
27541
7280
2557
27467
13990
86
13110
13189
588
6882
11996
21089
22714
4755
5210
10899
29331
10172
10097
27556
5216
6661
14602
2253
15779
5000
9681
9196
23048
27720
10726
17896
18793
17455
13572
29015
26981
16572
24994
7406
22495
466
23510
13402
1759
5218
1076
6609
27785
6930
25763
24751
20936
20830
1858
2676
16813
27398
25443
21930
20942
28166
2740
784
28962
24836
7597
584
10513
13164
229
3525
20110
2486
28348
27665
26123
27410
25202
18656
1535
8354
27657
28749
27590
25482
28443
2563
2544
16590
15689
1635
17442
24778
10184
16400
3695
28728
24081
25207
9736
27324
14812
17765
18224
4811
17775
15708
26654
28327
10424
27815
21657
23092
2798
8566
4473
12724
19955
4683
26017
29026
7536
11930
25549
5010
20396
16241
10965
13293
22323
10031
6390
16864
11663
2403
14293
23553
23391
5043
4786
19404
24187
2099
24604
15468
17681
13983
15878
25640
17160
15355
22983
11669
11300
327
23567
2924
10583
24455
14153
8499
1131
18352
3543
1645
15507
20947
29552
23180
1019
1923
23898
640
8249
17546
23631
16716
18257
25188
16596
5037
21714
15080
19819
10055
12286
18330
7581
21146
5656
6733
23697
3244
11833
18991
23169
24325
16312
17051
5076
24112
25963
501
14310
21530
15978
23801
27212
25260
16447
13530
19773
4589
21753
23701
5532
7526
14397
18737
24522
1912
16058
17783
23387
20083
19942
16530
27636
19379
3614
17284
20966
16320
28725
14332
10412
15214
12137
16307
22064
3180
553
19557
23787
27062
6181
28105
20447
25962
10047
7547
10868
24398
19723
383
4440
4093
24439
14731
13513
19018
13092
6617
14803
21984
20246
3648
17490
13295
18105
9755
22484
16823
4916
22245
7220
26173
13456
26132
10216
27051
3668
2259
11880
13237
10516
17989
9481
5616
10261
9042
7459
10375
1465
19616
1599
24927
1930
9919
17303
19288
11726
24732
6063
2100
16799
9297
14695
10721
14101
4154
21878
1838
25525
12982
25963
2814
11814
27061
4290
3144
23191
14043
29352
15384
7019
29356
9296
17108
27358
21326
16333
3320
5391
2640
12801
4757
9772
16389
27500
2219
11182
28433
13487
29765
7789
4503
13458
29942
15865
22974
1894
6822
8015
26302
15950
11201
1746
9395
2105
17678
21238
9800
25121
19953
25235
21466
25171
15434
26542
18009
16486
9726
26578
16038
12556
2704
9642
29745
21830
6521
265
16226
7804
3681
9364
24005
1426
17670
26154
22567
26638
8480
27719
17815
24594
19345
6542
25560
25442
1337
20764
6661
28260
29575
12967
27180
8317
8318
23574
12079
2105
27207
6916
1587
17718
16529
16022
19137
16338
8804
12088
20136
12490
15492
15200
17296
28546
16118
13150
10344
943
8816
26659
10224
153
11623
20699
21784
23238
22012
1382
22325
22237
24800
1912
3194
22762
6372
712
5331
8807
10677
6374
17010
7610
29775
14684
1334
7692
21059
1891
492
29695
26698
22890
10165
14153
18223
10679
8492
23196
18137
6232
8143
16285
4612
21009
25224
2162
15876
971
10696
22129
24955
27632
18839
13233
27712
11375
9738
27531
28628
24099
27047
11076
22032
20716
21649
23053
191
13670
2150
4338
27629
20062
26818
4039
16783
8821
3881
29610
27616
6063
15621
1787
22840
772
21953
7675
8915
3752
15429
23935
18478
26296
18074
12551
26976
13377
12998
1727
3934
21702
4185
27629
25705
29039
5181
11715
1803
10682
15835
14815
5176
3973
21159
26956
13839
24
23605
25070
13592
19418
22527
379
23360
10553
14375
25074
4846
10902
8316
6607
17382
22647
19195
22137
26514
22859
23933
4437
28679
16028
5184
29244
13617
9612
13035
18428
17859
25935
21336
29057
16602
8215
28223
12607
24059
14761
25885
11333
13400
27828
16855
13687
1876
24878
28879
18120
28479
25445
17619
8091
18300
13158
19715
10001
25682
11713
9768
5521
22488
10329
9764
6815
26674
8995
24009
16111
2061
3327
18527
24455
24990
16676
22835
19116
11004
22948
3012
5291
3572
1306
21429
10340
9845
10031
4531
24973
12631
24035
19510
9169
28633
94
19095
13914
2335
14657
9356
18016
29576
18198
5789
13779
14925
16751
7756
5688
11777
17653
4724
12548
5923
28111
16301
19112
10145
19488
29048
4659
11407
5505
10366
11330
4096
12419
12209
9639
1126
2033
29927
19555
6595
25372
24682
4639
3586
21559
20471
3514
9405
29535
12210
17324
16876
15422
9426
22
25327
23533
10369
3982
2224
25644
15005
14479
12004
1888
6811
9288
19565
20385
21055
24200
11069
1250
15348
16206
20452
14999
13163
20197
4538
13423
1076
21823
28761
8940
25785
16694
12286
9375
22841
6111
20029
13085
25602
29439
4901
2356
8161
11123
1486
23373
25477
18562
10132
26696
11427
29995
2546
22216
26366
259
12191
16945
5084
6759
2030
18899
3886
6368
10424
11156
7757
21916
23894
17702
11449
464
27608
6677
10227
6571
28141
24118
18382
25044
11498
24560
15752
16573
28871
20782
8241
29730
13591
26575
7677
815
27706
21080
22210
28371
27562
10323
15155
7167
8432
6852
3650
16655
25666
22664
23449
8619
17365
20984
22573
1480
22856
21466
7176
19081
10642
18338
11394
19450
12201
6708
12127
29951
27759
4976
19190
983
25688
15220
29845
20708
3397
3066
7127
16982
6358
25031
1279
29085
1023
21294
26702
19476
25089
12222
2684
27610
28611
26575
29228
14677
6166
22254
10069
26747
12857
21746
20071
26254
5861
22124
13113
8398
6714
19376
22315
21752
7474
17786
6876
6076
9346
15744
21219
13834
4899
10303
12657
23826
14243
5652
24820
19657
17061
26065
14260
12004
6740
22686
17072
12500
29281
12116
16361
511
599
19917
6263
12882
1918
12361
15840
15965
16755
4654
8401
28515
24459
22395
4321
29340
25219
19737
679
3869
29786
15750
13522
26997
18020
26283
5118
23940
1170
16772
9843
5331
27499
9788
22840
25652
7641
14372
18118
12961
18848
9638
10422
1510
4908
11319
3534
28080
23065
3000
18177
15160
28029
7466
7353
19841
22196
27598
26141
14443
13655
22640
11625
16745
3589
17379
5439
20347
20584
17617
1261
18010
11655
3183
21522
5574
16658
5694
29710
16878
27964
19737
10559
2605
4575
16673
11480
18357
24674
7083
16104
29759
2111
1088
13807
28020
8689
8290
19306
2250
24293
3010
4311
13247
18457
28766
18592
639
5664
25574
3724
27649
21819
22917
18563
25803
5693
3358
9260
26134
22225
24439
23707
11069
12408
17471
10507
3986
2962
1756
15723
2261
27171
11753
8356
7571
29526
22067
25408
17832
22211
17459
26944
29907
10056
16599
19868
18063
645
352
21649
24671
13815
9668
8764
20050
28796
2498
21075
6065
19981
1763
16061
10220
27799
20395
29834
27365
22007
13655
11956
8368
14302
7816
30
29923
21739
17312
1811
18976
24189
8513
16473
20789
3486
12825
21637
25238
2591
275
28085
24363
15008
7316
9014
21775
29269
21254
16445
16382
13282
3180
24533
17193
19295
24246
16011
21710
26606
14549
22720
6366
15296
2766
7636
10381
6027
9882
16934
4029
14167
1806
24915
3004
14213
28492
12080
4085
5915
17092
18144
12685
13575
29079
6800
477
1555
291
28687
19484
19794
902
4601
16852
8676
17154
2565
16074
287
12520
16308
4141
20365
14974
24325
20683
15727
24257
4195
13019
13151
29884
27474
25774
20967
8473
20597
18197
15629
863
24816
25036
3106
20287
361
17408
26637
18619
27676
6083
16821
11130
3803
25637
26428
1836
13864
12677
4694
2469
6551
28523
7841
3747
505
22290
2488
215
22694
6184
28652
25758
5602
25182
13910
5832
21630
1564
21622
26937
14025
8785
21034
11975
21958
7918
13890
2266
29371
4986
8951
23557
2661
27926
5279
21130
4511
12962
18793
768
489
23813
17599
9947
5222
4565
1070
4900
19633
17286
9952
19157
12088
28065
25503
23023
28165
28785
3468
20681
21303
29434
20796
28385
26834
28045
21864
6896
6295
29378
5137
15864
5870
18220
22655
8892
5220
8799
27766
9416
12651
27649
7611
7766
21422
13163
7704
11316
5240
18621
27795
14251
21352
22245
3677
22922
2724
203
19496
2102
24254
28736
1446
27723
5968
25239
9608
3433
16393
4367
8196
1423
1836
3648
29193
3819
11133
22281
6092
18835
28211
21483
8929
4694
26485
16204
20170
22495
7443
4585
23797
21434
26304
8995
26646
24281
22657
29727
3652
27613
4090
3870
1819
7177
21650
19823
9320
22755
5274
10684
20259
12204
14675
24849
8390
8501
2011
8077
2113
18071
9599
10851
7551
28662
15325
16983
26309
17056
23965
28451
9503
14168
12763
4265
2523
16079
29943
14951
6541
1509
20738
26121
907
17670
21917
25640
29476
3012
19004
4552
22248
5650
21499
11603
799
29539
29667
23956
5689
11224
6939
24684
24765
4583
4131
23546
23199
2148
27464
12633
23229
4468
2916
20713
11682
12907
6900
20270
24166
28725
24580
2831
29951
8004
22338
7039
22218
19382
26103
27866
4685
5573
27820
14792
4053
2885
23635
1045
16743
12020
137
22919
25396
4559
22754
203
25746
17316
11043
18850
803
14580
894
20549
5585
23598
16859
19494
27510
10367
4831
5048
23188
25442
10763
21005
17085
24279
5886
739
29950
21275
14079
20330
21063
20506
9338
16638
1997
7690
20888
628
11343
27236
21363
19126
27480
13432
23019
9342
22501
23027
27029
970
27473
1414
24529
4624
13108
15947
26769
5092
5469
29673
8892
10587
7793
21044
458
14346
19460
29180
24512
18075
6586
944
6354
2009
29767
13058
7019
21863
11860
21480
18238
2434
25342
5910
2729
28988
3611
24572
9575
7182
12583
28365
20741
16638
16200
20741
15022
2627
23122
3646
13261
5499
26342
17839
26927
27107
6389
29689
19798
29363
25635
15882
10735
11605
7345
15459
27050
13151
13759
13588
20718
27481
6488
23387
24037
2768
2994
13850
4475
22308
13022
24056
16118
22937
27466
21796
11878
15351
23302
10939
24091
28177
22558
17211
28456
800
11735
21343
5335
18615
9075
27266
18633
19348
18776
8680
4853
157
4238
27442
27771
2023
3105
14035
17625
22968
11366
10575
29431
19446
14932
22134
23658
7267
2080
8843
20720
13003
14761
9190
26705
20644
17586
7301
13550
9592
29246
27411
7586
3581
29605
14212
3470
10862
15605
5795
6424
28520
18180
6054
1310
23138
29948
13103
2282
831
23949
14544
75
110
12609
3721
234
3045
16824
19509
24986
26353
7808
25408
18577
11333
5153
21837
112
3240
1174
11518
26276
7758
22810
28940
12899
29931
21253
26971
10760
5044
10040
27854
19248
22153
29761
11200
26210
25424
23151
19109
26245
26967
25917
11660
26316
15392
19855
21175
25461
23831
23360
13508
16489
12953
3505
7586
14765
18591
15892
3354
21435
23918
16736
12328
23468
2081
196
6741
18156
18802
1519
9352
8980
8283
3652
12741
12722
8428
1060
22375
4358
7073
15348
24851
10623
13985
24000
15518
21102
13
4547
19158
3097
15919
25988
4419
2325
10215
27670
22723
22705
25236
1729
19430
13086
4103
1250
26516
10325
18908
21706
5612
21964
2531
9909
8245
21461
14954
27130
469
1109
11051
24570
8513
20477
25517
25007
9672
16719
5566
11223
21393
5636
15267
26376
3951
29559
19263
19625
25684
28972
6649
8335
11760
3063
23696
22394
7082
3333
5037
14199
3343
22385
425
6133
13590
6932
21811
15338
28575
6749
11122
103
33
28168
4022
9062
48
12733
29377
6614
8629
23901
25552
18883
24564
29174
4411
9232
9452
5354
14287
11549
25194
29156
5551
16278
19005
6707
16635
4564
7868
12542
27333
25134
6503
9062
2888
127
16041
2605
11213
21455
2978
16844
15096
22522
3990
621
27132
17195
1259
8228
24778
6178
28991
825
23805
9362
18027
21799
1115
18748
10766
2287
5200
10779
27630
21541
11577
17313
18889
12181
26973
10883
25369
24370
16092
14692
9184
25560
26938
24875
21796
21653
15936
1182
5329
16528
1012
29654
17708
1920
25391
24341
2030
29658
14764
1200
8813
27922
21224
29098
12164
29667
28760
15277
12770
6542
25230
8936
2335
16517
2401
8603
20507
14790
5248
5564
12034
13305
2814
15084
6246
5650
6233
2298
25675
1103
23995
26775
20137
2080
28598
20474
17375
5383
9840
12275
25472
9442
1734
12020
22721
26931
15606
28372
6839
12367
10625
28086
26896
22306
15303
19189
24918
4935
12362
12703
21648
5583
9326
7903
3944
16907
19976
20385
25870
14031
20939
29383
22374
17524
20711
403
13639
27604
8957
13400
20859
16638
19075
27598
12571
9751
13990
14652
6284
15513
9070
26673
4420
16184
9773
28233
14339
2085
29779
20009
24021
17487
19050
24441
25031
1278
7936
9644
4592
9918
20064
23879
16664
28836
27536
19029
583
20690
14625
2960
28848
2996
19053
29235
22569
9127
2782
2641
21268
1727
6165
25209
16058
20809
16385
8475
22499
17524
20241
29598
11472
24585
5568
22026
29111
6584
15960
22119
12250
21702
8354
4020
26571
1895
20032
6874
4134
12120
422
7367
26878
4579
3257
20227
28742
6101
8507
26322
8694
29569
3157
8806
16162
5829
26075
11112
19152
2176
22375
20184
11100
26739
11267
27139
19097
19254
29279
21919
6498
11076
26058
17835
39
21761
1132
20977
7643
5903
11692
17195
24882
14188
5183
16801
24827
17796
6395
16054
19789
24257
18084
8221
7354
13611
29962
1864
14510
5131
21775
18133
16126
27074
20438
326
21365
8856
13549
28294
14249
8418
20676
24265
24763
19451
22868
20999
7328
13109
3095
2386
25808
12992
274
29119
11043
14055
2725
12603
4271
9973
29043
3760
11918
13091
26104
26825
21704
12926
8482
7105
19698
7229
5739
28738
10866
22338
14407
1548
14737
21605
27932
28616
24808
22181
20
8675
14780
3365
3988
23550
2113
23229
69
22612
2739
26046
2944
27664
2738
11070
17931
4129
12168
8856
15441
14810
4468
19230
9485
43
10221
21425
8861
9024
27363
9799
15113
24966
22619
14348
7909
22717
18873
19529
28190
977
29415
29788
18549
13583
5194
20503
4246
29467
14170
8096
26412
15171
15448
2283
18873
29058
8533
22442
3876
22665
2224
24635
27095
28910
9650
12416
4582
10286
2389
16115
400
7385
22140
24944
6065
13375
16197
17939
11433
1655
18657
4690
20121
17067
803
27156
2068
11237
23164
9108
29200
24062
4205
9959
28348
25216
16458
18532
18703
28489
15789
6266
19971
11325
15045
27232
1645
27806
11209
3492
22207
14794
7083
5983
7168
16513
25065
12511
9521
26902
8898
11207
6056
25063
17487
24793
16124
11761
879
8754
12480
15971
5070
9170
19176
9437
11374
11489
2794
16274
21296
4463
6821
14855
5234
28058
4619
8035
25006
10923
20721
19650
6663
2
21911
15281
15028
27534
10658
3869
17971
13117
20006
14044
17221
27660
19914
8536
3824
23889
2495
14863
5619
10997
9122
4014
20304
7033
22181
802
6045
23755
22525
4673
21031
14559
19239
11434
1783
13651
26293
27083
17269
28772
26756
24502
21393
7625
16254
26010
9484
28678
12127
13057
17544
26739
6655
16392
8709
23239
19831
21188
9851
614
25988
18266
15678
23361
312
23430
409
4106
25699
5657
23979
1864
16896
26723
111
22091
6008
29944
16291
4612
7884
24138
12908
29109
27324
29169
6930
28706
1920
9803
17962
28101
20765
15177
29896
9252
3258
24989
21982
4927
7655
23788
403
8398
15405
2086
13609
28677
24568
23424
16311
10987
9408
2845
14939
25560
15318
20313
98
4787
5774
12641
24211
17268
4487
21137
6708
10479
21905
8694
2568
11979
15504
14905
24975
13400
11765
3948
7397
26150
29927
10782
11036
18210
15420
23391
16233
29322
23284
14744
18486
28019
355
5675
10227
27101
1877
20707
17946
13607
21667
1263
15758
4004
13366
7817
2231
10568
9600
2430
21700
13674
17821
28691
26095
24496
14309
27109
13596
70
16527
24628
4319
25647
21933
17969
17908
21768
1644
9730
22231
26026
23771
5768
4442
6775
29160
5608
4071
18245
18400
9136
11806
17580
2400
12762
16020
8063
22564
4233
2459
26402
96
21285
17378
6130
17646
1538
11159
16852
15469
23684
4208
23544
17195
25362
14205
7135
26952
6224
28912
20068
18954
19932
8616
14322
7205
13872
15049
2725
6667
6195
12187
28378
17809
13842
4538
10865
4495
10507
27728
26793
209
18844
10612
23518
3121
25649
14338
3211
9181
3512
12752
4922
8510
5980
15751
26847
6611
9560
29959
2483
29241
18230
15131
9314
21633
22027
20717
11235
21165
22157
9894
13016
23402
21298
27400
25262
23690
11758
14028
11671
2211
1599
6084
22471
21481
7248
13296
12538
18219
25229
11434
17606
20845
25265
4490
10606
21613
13799
26824
7562
16192
7695
16191
26193
27312
11034
29479
24400
25026
7080
18706
15708
27998
20242
24513
12686
7708
4811
5256
1740
17578
7354
18170
29057
6108
17714
14824
7307
29761
28432
22151
25342
19496
6592
20185
24721
29107
28724
28078
8948
26085
6873
3016
1587
10824
22492
12827
9407
7547
22690
22562
1241
13266
10184
2699
12229
24073
20578
28344
27979
17997
16013
15147
18856
8327
15944
29045
29934
28667
22258
4675
18944
22615
15420
136
24956
13834
18084
877
20946
5479
21316
12914
1090
14931
21833
5018
5757
13194
23122
948
11399
28987
21253
8812
23225
7972
15792
29108
21362
12827
26071
12241
17552
12214
6458
13950
3907
15075
25120
15716
276
12667
6585
810
12602
6372
18164
1014
10641
11581
17377
15434
3207
6703
11903
1412
20825
24145
4492
15528
10500
6031
4940
17827
19402
12095
14653
9285
17765
7781
22039
11535
8120
15456
682
20597
7205
19891
3631
12648
1262
25544
26974
4166
14564
1819
18989
13293
27073
8601
8270
29511
1688
6311
10444
15767
9602
17050
10770
1428
11094
12956
12410
18141
26858
14550
8170
6845
23161
6056
3689
784
5557
18420
29159
21218
19883
12125
9112
14391
6602
3883
2905
3709
28744
3191
24363
2768
5379
13952
19528
2263
7230
6476
25926
15989
6435
8629
25336
23308
14359
15453
23575
15644
19069
29911
1690
21581
20896
25187
853
27088
4386
363
19033
26441
24547
28442
24720
2960
1757
1997
2617
10477
23170
6483
25115
12968
7480
18527
21010
15196
29320
29978
22810
2011
607
15676
26710
26513
15250
17740
544
25587
11187
29335
4796
25702
14349
100
8756
28990
5187
12215
24626
5919
24320
4353
10871
27948
1057
15659
6288
540
6446
20863
22650
11130
18749
29819
3275
18870
21329
23422
9712
4167
27620
9161
8637
6619
26847
4536
6492
3671
9856
8574
936
9913
4338
6081
13751
5549
970
10089
24560
43
7986
11743
14199
20324
16859
20801
29174
11939
12517
3377
18162
5425
606
28247
15018
26932
3093
4193
28450
506
13555
28009
9654
19074
930
826
29436
22292
9665
1454
2318
11034
15491
2713
24796
29970
25721
9207
22287
20167
12106
10610
3273
15331
12805
10755
8887
20755
19292
4985
5806
24516
8225
28599
3099
16373
18988
18787
10467
9546
4638
10749
22990
15373
16019
19821
29686
15226
20925
20691
24741
2565
14634
21249
27671
24232
29636
4037
5267
19999
991
23980
1742
15178
936
8856
6162
28209
3841
15048
27431
4151
2182
69
13973
9157
24568
4608
9511
11500
8190
1795
890
1626
14914
2037
18070
1603
493
155
23147
7583
1652
15954
26716
4528
6724
27335
22577
19112
17712
17863
887
22184
14667
25210
13155
27244
20270
10049
20042
19536
15182
3458
4403
19205
8949
29986
22515
6877
19555
25078
5189
29074
17480
15637
13689
26411
1073
11060
18680
23140
21650
19063
17861
21748
12455
19838
15940
98
8553
6442
18916
10150
9717
12533
6200
13271
24609
17131
2725
7677
8204
17989
849
8305
10167
22562
26147
14470
21704
21498
8822
249
1829
17673
7555
15860
15555
27323
15324
23166
23998
2790
25379
5910
9412
9245
4024
25236
24766
17960
29667
24058
17074
17312
29210
19477
20056
25771
6011
25210
28149
14016
11988
3426
4812
25069
10044
21655
5790
4111
10560
21513
5975
9637
23831
16954
9419
25335
4815
8471
15652
16296
5309
8336
17465
5680
8050
1500
27818
27307
20829
556
19453
17578
28015
13180
8394
18874
21030
5463
27881
28521
13634
18280
25000
18432
17951
11284
5833
2443
8822
26828
15673
6774
4969
19608
129
28600
10090
3157
25512
19162
20166
17843
13800
6556
8129
25693
7759
14284
24219
22113
11972
5177
23275
13217
6911
14667
15424
27318
7388
280
2810
17092
29495
4914
19671
9116
1855
15889
267
21505
22571
18989
19103
27840
22208
15992
23159
7803
1443
24656
6680
22306
22609
28554
23281
21500
693
22786
22468
19212
5353
4039
16371
12147
22911
19050
18351
16870
12179
6034
2218
3110
14713
29333
12766
23592
29557
17889
9750
20437
8548
22196
4355
2569
10440
19825
4876
6046
2448
12301
12293
4916
10205
23521
6091
12315
15700
14921
4969
10983
17219
27069
14269
10816
1877
28954
7578
20786
19000
8245
27177
25159
24995
18807
7762
687
16373
820
9870
10688
17437
23044
13020
16890
2575
27887
7687
29159
15468
14458
4464
2959
29081
12433
27646
7926
113
1479
3349
4305
2544
27683
13684
16351
19615
28364
24103
5195
23194
7447
14584
14895
26403
23340
25131
16819
22153
2430
22658
19028
11978
14461
1275
9010
13612
20165
10265
16856
24252
7937
17876
15527
886
4990
10886
12806
7309
19526
26901
26174
2642
2681
12020
11074
7158
27764
15845
1165
16201
8197
19211
5525
13389
25569
18275
11577
16847
6519
4241
7699
19574
17123
1332
16074
23793
4936
733
6183
19378
8384
7853
24890
6434
2952
8852
4996
24380
21892
28966
23054
8289
27780
22072
7440
11680
9821
9523
15953
7249
27749
5124
3168
3983
2442
16493
22860
6722
9449
8994
1308
13808
15957
29766
5642
9993
596
608
23333
2548
27532
441
9219
8607
7986
3734
25630
2533
6860
27128
16912
2019
1647
18998
5101
29137
18674
24922
25174
8620
10142
18836
28346
14774
26259
22829
12693
29281
4850
28359
2799
23115
7395
24932
10718
261
2688
10246
8882
28075
14235
20071
24270
3480
18635
29745
9026
27553
15485
13798
20751
12306
2228
9213
14747
19405
9041
7703
12621
18538
6503
13628
17015
28945
14208
12609
874
22037
25833
10960
13665
3240
8214
28837
8689
11984
4712
8192
16467
9645
4732
9031
23240
17825
27786
15295
6944
22066
11740
14978
23113
1115
24475
27858
23456
2696
5373
2909
19094
22707
23323
21414
16520
14715
16520
19168
3697
883
23111
3262
9784
3678
19441
4534
25160
20368
19375
21540
13873
25182
11530
3251
8628
18562
13387
27514
2850
18247
1238
23078
15729
2294
6994
18831
7390
11194
18755
13791
20930
13562
6917
13620
21942
10066
22967
2485
2773
19083
14249
14676
23955
3528
16264
11967
5927
18935
29896
13313
20918
3141
6997
10600
18796
23712
23007
29879
12369
9378
27914
5206
414
6468
9602
22437
29173
20371
21153
8419
11163
13923
3353
14362
9713
15773
5129
20273
35
2833
12399
11542
12404
8418
27082
13749
25823
28403
9810
23993
28496
21834
1136
19510
28922
13093
729
11114
9581
13186
23667
11255
670
25135
21778
16820
536
5411
19414
26996
12531
25131
29329
12872
18627
7793
17964
28961
26130
5699
20646
27389
23754
19343
21057
18004
28205
27414
28615
1111
6794
5148
10129
11706
23403
27858
19303
5826
6162
10193
27516
12599
9303
12806
19365
7852
16650
24621
18057
23024
12824
12447
14582
24866
12174
12664
25199
26299
10934
1545
20524
457
13688
14599
15058
25049
13158
8317
15474
9410
14667
4295
26561
8368
21519
29230
18180
13950
22188
1486
9380
8787
24222
14255
27611
957
9334
20944
17903
21424
9163
8462
19607
27081
27846
19726
3586
9586
23049
12896
14297
13092
16009
4533
20120
16718
26879
28850
417
6262
11621
2782
7744
16208
5133
24828
13397
18368
28943
13334
28828
18823
11751
23409
10855
20200
13209
26617
7407
29403
25042
14499
8609
12261
19958
9636
26309
29469
17785
8201
12958
28833
13095
7
17274
27815
19967
16659
26982
605
26061
28232
12037
5925
473
7194
6963
2109
4792
20829
11690
15802
12561
14254
8734
26264
10669
29915
8183
1767
10113
25215
11719
27762
18892
13385
5355
11586
2256
2963
6820
24426
5227
7201
15164
16740
23100
10088
20497
27717
18671
17264
5743
29423
23808
29589
4583
21133
4682
10265
19992
8537
982
2033
24134
21384
20435
10438
271
4987
21981
13594
23574
13477
14273
20677
420
8301
4139
22620
26804
11165
5506
26598
18386
9898
19286
24070
11578
19636
27158
7255
26293
19037
19269
4198
10744
12321
10498
2317
3968
8800
13404
389
21808
29712
12387
17414
16776
13287
5560
7300
27303
13884
7646
11352
7068
9881
2431
23063
12852
25532
5166
28104
16304
6328
27430
18732
6286
4609
7952
16128
24868
22763
4311
21928
7000
10193
25600
22957
1040
11219
15849
29571
1816
13574
7475
22703
1603
25781
14422
5547
2890
20333
25595
24054
19796
21671
20045
20205
23838
1777
24161
4054
27652
3693
12324
27789
29933
26372
19402
27629
20002
21867
5713
5003
15402
20660
26210
12219
12337
24317
13505
7888
24468
25018
9370
3069
27179
16997
23631
12597
17723
9533
7870
10427
10440
5863
25363
21333
5377
10260
15769
19848
7777
10116
17870
21564
29907
14838
21645
26944
9527
1487
22259
25927
23874
20375
713
11712
132
10056
12466
1895
13754
28712
16139
10823
25140
20904
17653
20382
18380
21201
27943
2979
9802
11020
22003
27545
18480
5363
11496
1464
3192
28149
22385
26245
25630
24894
14311
20133
2833
1135
16982
26244
6652
19148
20648
22786
23878
16131
6650
150
6190
13522
4094
12043
16559
333
27812
18771
2654
11659
9722
21708
12394
2359
27310
5577
11161
21623
19034
21158
17380
15542
6642
3901
26050
17202
14719
3496
10812
21994
19342
25965
12671
27789
24109
17303
12547
9032
24801
18916
17682
6175
14054
21506
7734
18643
5203
10179
24176
14212
3412
1335
12679
12893
3907
4812
12724
10093
13406
23328
10630
3371
13355
12283
28395
19140
29483
3135
24534
11275
24024
27935
21222
10498
12316
3227
9793
97
12564
29992
15743
2913
8049
1102
3832
8846
18165
4329
6293
27633
22580
15703
16916
159
25260
18011
418
10360
3241
15967
22455
22398
12782
19647
8301
15493
7712
26702
2252
20982
19041
6517
1238
27246
17412
4523
14307
10318
18741
25328
6949
26556
3707
6227
13264
16161
17242
8097
16877
12162
28070
29715
21285
20818
28039
7456
13252
17105
11185
6285
8520
15333
9811
13894
4870
8744
22233
4615
11826
25665
20387
27113
16569
26985
24889
5379
14044
2717
21579
10239
22111
29725
6096
16918
8985
17090
13502
1636
12593
28930
1029
13943
7278
28531
8292
26271
23049
11024
9163
28929
28546
6682
27937
12691
2778
3279
13911
6996
18172
27992
4463
21336
21904
12416
5088
7833
11450
4990
2148
22999
12506
7669
5279
8850
1682
25479
615
5716
27056
3091
5571
29632
24246
7720
13304
276
6179
23744
24723
23531
1466
7748
4125
19578
28256
1302
9501
9880
6901
20377
14955
10559
25620
14750
3677
7499
11116
3595
20897
23785
17792
11165
1883
16793
11847
9562
24873
14316
21930
9749
23359
9002
15171
12388
13041
3134
22262
18865
29037
11049
10643
22619
27442
7022
21449
8609
2911
13902
14143
10480
24446
6720
20258
28107
19093
8348
6140
10012
10251
28891
1148
10302
16882
7498
16433
17063
24365
9729
15773
8828
7251
4231
13707
22082
27397
25657
961
16401
3515
14062
3706
14823
578
28681
15957
7347
11858
10491
14582
9481
25508
5373
28986
9891
16347
15143
12525
5171
29819
11856
18628
26609
20542
28616
27555
1272
4828
6821
10033
9459
4132
7953
20615
24059
14003
9727
16953
4225
10370
13524
11732
15151
18832
28287
11012
20805
14513
13908
2924
20767
7613
20283
24631
28808
4767
15308
3590
9098
21203
20275
14917
3757
2536
17499
1592
3726
23511
12910
2059
116
19097
8742
26449
8395
25869
5495
27156
2646
533
323
15851
13695
8936
5251
12381
23329
27669
11951
20310
5595
24653
5564
3321
18002
6700
15039
23248
3023
19914
12501
10033
23693
5765
4872
27992
6588
17558
25867
24655
11815
1904
23523
1395
15096
26090
7267
8531
16739
25796
20909
5907
1306
3286
19883
13027
3687
28619
589
4172
17496
13850
20803
21319
9153
15540
25251
14206
22771
27432
15104
7949
18317
3001
1485
22289
26884
12172
15620
13697
14761
6044
7204
2734
11578
23010
13150
26084
20273
27642
26214
4461
2690
2552
25989
9658
19472
18076
9058
22288
15623
1831
15601
23534
7460
23001
23977
18338
26714
7542
13189
23510
4631
18288
25172
24792
24694
24808
23546
24867
21799
26906
27198
19960
8679
5797
6318
27751
14241
4604
9455
3734
10231
1921
5139
26615
25285
3218
5867
23161
9914
15630
11930
284
23422
3989
706
16470
27278
15047
20569
25268
27705
28481
201
29926
13899
11721
13253
7418
27502
23856
17263
821
9870
23729
14743
11394
15204
15759
4732
14602
22817
9363
2396
13715
29179
22263
28427
21927
28824
5128
21453
18888
16952
8119
12791
17883
10339
22421
21094
23644
15321
18240
529
18720
12754
18461
10459
7874
15704
7403
23211
7289
15102
13860
8671
1370
26320
21994
12567
1428
28977
1060
2970
25927
1330
7032
15538
10725
3072
16227
2042
26118
23085
9932
16630
12716
19134
1615
23879
27701
6560
5616
21445
24226
9503
4662
3677
27689
15998
27597
17429
29666
23385
28265
6506
117
4123
3798
18173
20033
5676
28750
26228
18348
14819
10371
27588
7474
8520
1904
27831
27443
21642
14768
25223
22078
29394
8068
9725
1877
16229
6602
12398
19644
24987
17830
27246
20380
15455
21340
4585
1554
29366
23062
29585
8794
13160
24302
15037
16138
3649
28717
20981
28647
2873
4155
1600
7660
16160
18877
13205
20512
6046
11070
10135
26744
25323
20074
19675
23563
25171
22625
17434
25217
12249
29356
27411
2997
17139
26641
1362
20000
20561
2687
19695
5993
23361
23625
29955
654
25724
24708
9962
5294
12540
20098
4879
26974
21700
29404
8926
12563
27671
15274
22716
22846
7434
14589
8164
27660
27383
12758
22566
8047
29990
28751
4745
15561
15168
6371
22066
14510
17905
18333
28980
23932
4351
17486
17572
8257
3572
10752
25980
7986
18884
3597
26368
22529
18772
12820
3501
7580
11991
9761
1921
11648
28518
23997
3248
25742
4518
14528
8738
27805
8574
19014
29345
13521
2698
25585
19868
21693
24712
28090
27740
24596
12996
7533
8127
3193
21980
19982
8407
26967
12173
22727
13986
16368
3784
20093
16465
22820
19982
5726
18766
29448
25159
1235
2801
10931
6690
8661
5795
20978
22548
16884
2428
7914
17410
25250
28365
22513
13219
27641
23979
957
8693
14672
28240
10415
1868
11805
20226
152
16180
2812
15346
24129
28825
10324
25903
13240
23379
19718
1045
26891
10389
9294
10427
9467
9321
23683
24058
7392
18926
217
7198
26087
10621
23986
26626
22140
16598
28461
25828
1648
6484
19911
8085
29902
13785
1194
16427
20706
13822
16990
23708
2686
21879
1635
26051
25789
570
13396
20872
23021
28454
3479
16882
10375
24351
13106
21000
22496
18596
9658
13719
23231
23297
27746
7175
24971
29230
18560
18914
7843
10321
19645
17144
19351
19636
3278
25316
1405
1486
8247
14761
12240
12649
9197
3960
25988
25116
25498
29012
24198
11960
21392
28241
5052
631
21811
25138
6360
7365
27322
15200
1181
2730
9541
19504
13028
264
22070
20030
6368
14068
15334
3620
4367
533
13626
26464
6620
26905
17501
20430
12853
10695
28208
23626
20410
3353
8450
28072
14338
24800
9754
21488
7131
10424
8971
13956
1978
14660
10940
1062
15586
21530
29048
29909
9902
535
8839
20392
16758
5939
11680
12027
4215
29064
21653
1365
10731
9353
11795
4567
23628
29862
29804
25962
26419
5429
20174
25009
29247
1605
20314
10713
14459
13700
11573
29839
27550
11185
1969
6786
6697
26781
19849
16576
18671
6588
17333
8602
24286
19100
8038
5612
8417
11691
2001
3641
4347
12889
22195
9775
4007
4540
8674
3799
481
27326
9172
15926
22961
20737
28766
21976
12289
13683
20338
15253
21656
18465
9005
6458
20162
26798
11562
12188
9185
25675
13964
6306
405
24198
20796
24020
13532
23447
26597
9250
8080
16293
22859
27009
18838
7760
29711
16918
13876
851
20329
2219
5838
22525
27048
24320
4251
4194
29067
28017
29976
11136
9944
7803
6697
11483
17574
9881
28182
27282
16422
2083
25920
29968
11758
4231
20834
1663
22945
15916
28516
28559
17322
6785
15449
22054
23188
12932
22900
16165
11666
15063
1167
9483
25034
8490
7187
9463
1752
14542
22098
10007
21049
6218
20153
22663
19873
26089
10180
15644
12082
1068
9989
18950
9671
5542
1169
29823
4431
11282
451
1208
6400
5884
5000
22003
14168
21740
5164
535
29066
1036
14705
23774
14592
12872
18796
18103
1999
2568
16194
21715
6441
10726
23985
16617
22426
567
27393
6051
12590
19992
3563
12458
5179
3538
17784
5427
22725
29982
21927
12021
24026
15050
2402
22297
19809
2193
21534
10437
16914
29953
12716
2822
11941
17636
1850
3700
3633
16929
26049
3913
23385
19466
25333
25154
17385
20504
16085
14925
15974
15313
28425
26608
19125
12519
15934
7047
27738
26497
24025
28807
13616
12925
5837
8674
21629
7584
1909
17709
4595
29249
5964
258
20205
26842
12734
18479
726
847
13131
28364
10344
5841
29299
2153
557
4934
17190
20090
1574
15342
16186
13221
26795
4284
18751
26032
20938
1679
26646
7470
3527
26318
10274
22039
12441
2686
1169
12938
29339
19825
28807
11298
2216
23000
17981
20521
6173
13632
7958
13480
11241
5428
4327
7868
9338
16482
23559
8879
6496
5976
20091
25711
24142
18037
8652
3196
5975
2243
25308
21285
1513
12636
5334
21450
23335
21686
29153
19417
26712
7783
19036
21400
28654
3643
27038
3835
6255
8171
17898
6560
15364
13558
7524
27676
25763
23311
9378
25029
6179
7903
24859
9565
18746
4033
11244
27310
28303
14473
2240
24300
22810
1403
24757
8766
29551
9053
29160
3540
5383
19332
14631
29980
29960
3168
17453
13044
866
28294
20941
1728
21018
13907
1720
6791
10176
28696
12260
1297
24445
20378
23930
27730
5379
10703
14005
19737
21957
26545
25905
17853
26647
4435
25129
2166
10518
10097
18921
28750
18158
16964
22864
3669
27402
23032
18274
3137
8944
14143
10231
14807
12167
4639
1723
21332
5025
19078
12046
20875
18057
14048
2910
779
2760
1395
3737
23928
10413
2235
5014
27017
19499
12362
8119
519
2878
571
3655
27028
4698
6122
7656
25690
25412
28927
21781
7262
14466
11910
24325
16622
12646
9809
15289
14570
26105
19854
23121
23032
22896
18579
16792
14638
26582
21770
28196
6121
723
5138
5918
25582
22738
26574
25997
23129
16940
5545
26245
16899
26970
2068
13681
19214
12480
22219
29309
16780
11564
4449
6453
28048
20080
24517
15857
2775
10284
10092
16411
14500
4189
22637
29536
20564
3937
26884
28389
24024
14666
27937
7406
28667
16510
20418
20659
2249
11750
18131
19518
6719
27291
19132
26332
1644
4961
18432
14478
13430
26742
17946
18799
14656
23025
26561
15346
27704
16658
13674
26672
3650
5310
22910
9154
11935
29281
6123
8558
12784
17300
23896
6637
1042
17524
5140
7575
20981
21339
11793
17849
3283
21141
7682
3315
8300
12647
6004
9820
16707
13363
23949
27632
4968
3429
23482
16227
28726
14675
13931
17586
20801
5630
27050
9201
24236
526
19057
14748
22542
3700
29402
8569
14064
4283
23886
3688
6675
13822
26654
16644
3632
25233
16204
11853
7953
1270
21603
1672
6573
11604
19669
8935
27491
9717
7500
3244
16176
8636
22949
10947
13636
26844
11595
21449
19074
13467
21620
16106
21860
19293
8355
15255
21992
19780
16549
4507
22697
15196
14845
4682
5700
14666
25819
10253
4227
24284
3120
9868
27694
18700
21233
14299
28539
13647
23534
21392
19377
21370
6864
11154
24329
12349
8930
15376
10474
29068
10124
28987
20439
19545
20076
1043
11193
4912
1928
25284
19541
6453
25858
10903
20905
9228
14728
14818
14371
269
7455
12625
15105
28073
7410
26213
13291
24548
21518
6385
1313
16885
23480
5130
26404
25950
27657
3807
4259
10804
17298
23389
16261
1473
7012
14295
21205
11208
27867
23076
2837
8023
16984
19285
4029
19128
16794
24840
7069
1031
1931
24433
7985
16281
22203
10996
11308
10257
16677
25623
28178
25515
7799
21
25421
4508
3177
4742
4290
4150
15077
6737
10296
15870
15110
27850
6779
25021
7247
3591
18369
17565
19796
26135
16811
10470
9015
29494
24588
22651
16647
23255
27037
12844
24845
16768
9486
14969
13602
23774
29011
21270
1020
8727
20942
5392
20438
27359
7074
7467
29776
23659
13255
18780
5472
18297
21001
21564
16983
21810
17710
23826
21580
26478
3277
4306
15201
5782
2356
1691
8918
9284
568
21948
6610
13628
3449
24082
4691
2658
18378
26804
12522
27607
8152
6482
5251
16503
14914
6083
18176
29671
25474
18343
16033
19629
29730
9834
27221
28632
3321
17688
24255
13128
9631
29451
26540
23742
20871
25033
2186
18929
25557
7059
8174
10945
23256
16472
29199
9804
21771
8334
15171
14929
22855
22480
12735
3059
11613
10796
8932
26751
23496
394
11925
21905
5274
27406
11385
19684
3883
5882
8461
14087
21862
4506
14659
10125
24770
4874
7788
19652
7691
12835
4647
715
6331
10659
29700
6126
20773
11982
7951
21881
8696
11304
238
21127
13541
1136
23607
337
7230
13738
5966
1261
9174
