10000
16736
13744
2803
13871
15937
19210
8638
7983
16647
9533
5732
10361
13823
5602
1408
10449
14709
17844
9184
16695
3247
18136
14515
9741
1667
9808
2535
12662
7923
9821
14917
2644
17067
12320
9824
9773
11393
15754
3353
2388
10639
16693
17171
18860
7384
6531
11250
10682
2816
18239
6206
13838
5797
6023
1164
15128
11896
10852
7515
10699
12872
4294
1574
16452
3262
4094
15752
510
13361
5092
13531
18850
2200
116
6825
442
6389
3423
6889
2304
8253
18823
6780
19711
15515
12469
6513
13580
6587
1081
15159
16704
9790
17615
13552
14422
11507
11753
17313
12866
16751
13357
11611
3595
15562
8741
7506
8588
5673
7371
11556
812
17272
11600
17536
13298
1998
2002
3651
5300
3095
14587
11877
14702
11103
18338
112
17411
13191
1893
19036
19951
19427
2211
3640
17199
19632
11360
12370
76
8009
16032
4710
7136
15116
5897
11367
7673
125
968
15860
13773
6123
4776
11810
3347
9281
10404
17772
9806
12929
16745
3386
705
1433
6047
11552
5931
16878
7865
10651
10163
18118
1048
8972
17593
2537
4219
2880
18980
6749
7476
3146
9653
15072
9514
16731
11469
17294
17932
17610
13478
4565
17835
18351
8604
4522
14333
13054
6992
10800
14167
7777
7589
6842
8279
435
10183
17421
431
16191
6975
14313
11711
14719
649
11024
5191
11298
4237
19880
16286
4878
15610
19542
11682
15689
473
6044
15491
16485
11595
15378
2243
12660
78
8787
12757
3747
800
4173
5989
9185
9320
9692
5321
3769
3176
17435
12780
3730
10955
771
11667
3027
7661
1576
6436
9920
12141
8089
8144
7100
13836
17902
17333
900
7183
19521
13523
11781
11596
8408
975
11698
4315
16592
30
4043
2512
6930
7704
2519
12483
238
8639
6366
2624
13421
9024
16592
19981
17962
10347
7459
4726
11835
10295
2732
14353
2197
5916
19885
15222
8287
3628
14458
15478
19972
2518
5579
13182
1809
7857
12545
2093
15731
13853
15926
8667
15463
17433
12440
13285
7489
876
9081
19250
2565
17769
16658
16456
215
4114
11677
17349
19508
2555
4794
5335
6511
14362
10556
4791
1841
934
14993
13088
15580
19302
9413
10429
14827
5631
19785
955
8622
14356
17465
2529
2671
10712
5298
939
12058
1815
18138
1250
19430
16438
13844
2210
16793
17781
2514
17117
1948
13283
15950
11518
5794
12152
18094
16135
6492
19473
4147
17462
1380
13012
12438
9743
7133
11385
7553
6327
109
3813
7132
19121
7071
18071
4554
6808
7679
11987
11577
5765
14042
1805
14821
5678
10867
1668
13672
4180
14953
16587
8880
5349
15323
10709
2661
8527
11388
16916
1688
13830
6733
8379
1500
3999
9992
18419
5092
971
1452
8822
6920
1026
19719
1026
13816
13614
4925
2833
49
12791
18674
16779
4358
13574
1765
15966
9720
15529
15142
10095
13287
3946
3252
11328
9392
870
10042
17769
14072
16929
8667
5441
15200
15034
11423
4149
19200
1818
17628
1175
16413
7318
4236
10198
3016
1846
16847
13594
9854
7069
15914
12884
892
15777
711
14833
1624
5328
2894
15748
533
14750
17757
13134
4850
14427
9768
9575
5710
3111
9788
9708
17500
5734
3435
7313
13644
3579
2849
2163
2301
10388
16953
7370
736
5581
10508
8738
262
4130
14668
15361
16788
12786
3755
16716
9638
19375
3021
16329
5121
16783
4567
18196
5349
13808
13817
6792
705
15762
8362
13608
18847
13338
11529
14907
18059
9098
13055
16331
14938
10700
11133
17446
15235
13494
3751
5614
31
19554
11739
286
13819
19354
9484
17871
8973
108
15064
16935
9818
16646
12598
8941
15043
5820
13261
7155
17786
9449
12571
5165
14705
9255
13992
15816
4915
17370
6400
15390
4061
3542
8774
3293
18383
18882
13169
13091
1963
243
11689
14821
18274
7317
7012
504
17052
406
7220
1773
18361
3266
18272
6357
7894
12429
388
11606
13160
7549
18569
13455
3274
10680
18078
7689
1936
6401
18963
3544
1582
4771
19539
8208
17609
10385
7054
10785
14645
14602
15008
14021
14512
1167
3387
1655
12443
15479
13909
12011
19293
3536
16394
8195
11562
4263
8532
12911
17913
2526
7660
6204
2684
18841
9148
281
1593
7415
19450
16799
4937
10658
6450
5709
15356
7907
17048
19912
15154
16072
18523
8564
16176
9815
12344
9019
4518
4591
15343
906
10082
5087
8653
18200
4674
6621
2489
16513
4480
11493
7389
46
12730
2243
19431
18904
16538
4010
16592
4539
2477
19171
15720
13240
2738
16980
2238
11428
8967
14571
13517
16234
9919
15705
16834
18976
17695
2598
4255
7385
5140
14922
10609
18288
12890
4626
4105
11323
11838
8783
2896
6825
18687
14693
10588
11770
13427
14563
2297
6383
19667
13983
17790
11674
18530
15860
9302
2432
3416
7050
12163
11905
12621
2731
12311
14914
10292
8853
6943
6106
9729
9962
14336
9295
5597
3020
2059
13313
10866
12300
14808
14136
19385
13535
18193
11791
2326
6286
9350
3905
3574
16838
15422
7953
7964
8914
16344
6930
17580
12730
17006
7814
14607
8109
3712
7901
16855
15016
8454
1628
12520
3959
6422
69
7008
9270
7320
4932
4523
9212
820
11541
13764
4828
13661
1408
12375
13958
18739
13492
16581
15702
1841
9845
1527
3823
2848
12550
15436
5609
16386
11820
14938
19296
11051
17236
12598
12247
2583
17136
2642
13491
14907
13749
4636
9026
6821
13670
8436
9206
9983
16236
6715
9700
19384
8450
19344
5666
10038
3569
8544
3346
13108
8658
13097
11569
8695
717
17068
9774
6533
6993
4614
16183
4049
8143
5400
6735
15498
5281
6079
12995
14572
221
19713
18553
17623
16373
5047
15633
19362
19551
4960
16562
18933
13128
7712
9284
3610
669
2128
93
16054
11852
2087
1016
1950
18490
8440
12286
7862
18156
11765
14141
18755
6023
15719
14618
16546
2904
701
7070
18708
17592
13612
7180
19791
6653
3314
3774
9791
17104
10
9693
14962
16253
16226
18441
15868
19210
7666
16054
1620
10820
19815
17395
4381
19986
19894
9791
13040
10788
15037
946
14128
10397
10463
14980
7636
15387
15535
13103
8063
1310
10997
218
15280
18985
15547
13352
721
4311
16145
4574
5625
10705
19882
17192
9988
14090
7858
6217
18531
10310
407
17990
5909
6739
4031
8450
17953
10677
12214
3058
16456
15925
3802
10076
15799
26
8220
1218
685
5636
11402
16932
3457
3413
103
11232
2825
19830
6630
18670
12468
2673
17791
13458
1557
11483
1492
313
17918
6613
3217
12523
16298
15359
18430
12886
9093
11923
9562
7745
6475
13439
2355
8169
7393
14067
9565
3368
15388
9786
14706
9112
11280
4539
13094
1671
13522
7710
12132
3229
19330
17894
13982
11127
326
12840
15668
17776
2301
14871
2037
2054
8620
11299
19436
14632
9332
17753
2440
4209
11867
17521
18043
17277
13699
17332
9092
18913
19014
9633
19544
5673
9623
14875
15518
19762
4379
13507
1786
1947
10073
19959
13229
3845
5837
3675
17821
11672
7552
851
3456
2867
12955
15392
14404
12412
13143
17418
2286
16604
5503
13676
19596
15632
10781
4622
8299
12895
12475
8991
13304
15422
1598
3416
9957
5051
9938
16015
11598
15835
6925
5087
2017
18552
3293
2303
17458
5406
11849
16807
2580
408
6591
13495
16444
605
3119
16372
7267
873
13798
11614
12549
15324
6778
12719
6154
13958
17954
2130
1689
11062
12496
11854
4652
16092
15885
3558
3582
16271
7661
12648
3063
15380
8873
16401
19045
15999
1316
3332
6568
7080
19742
16076
13136
6073
19461
1308
7491
4824
4348
12388
9512
9078
2245
10934
16945
8093
8673
13353
711
16277
13180
19958
940
19435
8681
9737
15171
5844
11473
17798
11288
12038
2375
295
2145
8366
4115
7945
14047
19845
15028
3035
19872
5017
4088
9849
6641
13167
12038
6949
17693
5185
17277
12929
10050
4188
14732
11373
10121
12034
2768
8040
6262
19169
5443
936
10328
15390
13417
3710
16256
13123
18879
18625
3221
18097
15242
3995
12097
12491
4770
11501
1444
6080
7952
2085
4773
6327
11851
10327
10164
10123
19135
1916
5160
19864
3919
17400
15704
8367
10736
14602
4395
9665
13186
18473
14937
10420
11544
1669
18621
15962
7184
18477
4638
10450
2070
2366
15467
4651
8217
16358
17588
16899
1630
2138
15876
15891
15978
15871
3250
9989
4413
14214
829
14746
16386
13365
13445
9570
17100
2729
19912
4162
8712
5107
2425
9365
13739
1758
13552
441
8605
7972
477
14601
8501
4180
11579
14745
10826
12074
15301
608
16878
1601
2975
12544
10189
7584
13440
18839
14468
13997
13404
6530
6011
2949
6205
16350
4312
11755
4748
3115
13357
14283
12141
4553
1893
22
51
9615
4575
9770
15229
13497
9200
6661
3400
2290
15468
5795
9287
14171
15208
14147
4872
2516
13088
10694
8805
3713
6816
3161
8780
12095
14866
7611
3615
6424
10183
1434
12872
8904
4049
3274
6114
14765
3069
11751
18694
18194
12531
948
10865
10283
17767
15456
8511
16031
11894
12200
7924
7876
2709
2595
9151
18211
5875
13764
6683
9033
13913
10837
18079
1992
15989
18922
1300
10864
13490
5025
16224
37
2496
11271
12354
4356
15192
7900
14337
10552
8245
6122
16686
5958
13637
15307
13021
18336
3900
6385
16585
4696
11768
1836
19756
17995
18892
6171
16151
15103
6817
17099
4148
14880
18491
2620
1567
4410
2680
6630
4348
1152
12688
6143
13017
13704
7130
12609
12591
2484
5347
11486
14534
14815
12060
16185
17203
10369
9387
2111
7524
4533
13629
1305
10005
187
9499
15393
8029
780
1541
14124
16219
19800
3371
6760
603
3135
8633
15661
3967
3619
1141
18230
804
4423
10930
17801
9793
693
12185
17960
6859
4749
19479
5558
4647
8606
5113
17141
10955
18307
580
12307
15048
16591
9782
16724
10075
18348
15921
7910
11132
7631
19391
19456
1723
13906
18268
2833
12140
139
5880
7087
11193
166
10419
12286
2057
15957
8353
11918
12356
4561
12270
7046
2664
17920
19538
2573
17939
8539
5325
12491
1590
16133
7303
15477
5181
12281
4574
17183
1552
13741
389
5517
3268
128
5419
6044
13671
17955
11362
6597
14300
14549
12065
2539
10426
11332
2006
5969
13166
10918
10236
17698
9312
19336
356
8717
16116
12737
15708
12055
9139
11161
5219
720
18231
1956
12532
16585
4205
5196
11922
195
10881
12871
19091
18063
11120
10022
16442
11076
19864
7735
11185
9068
12983
11566
5917
16722
13964
14312
14041
8634
18524
7347
5134
18877
9362
12545
8671
9506
16906
9123
7286
10656
6063
11862
19542
11063
5923
19286
15141
13698
5343
10725
13478
3893
4956
14214
6999
716
5127
6647
3791
13621
6018
18505
18773
16511
17120
9594
10308
2306
12993
8476
8362
16761
9960
17700
863
15167
19005
4857
9181
6430
7137
10827
10144
6015
16979
7832
7366
19087
4207
8130
7846
5275
8744
15186
9719
13990
11815
4318
5399
16220
10894
740
18542
3893
13078
5944
4002
9286
19079
1541
6156
12800
3207
13655
688
7511
16632
10906
14502
17285
15061
18679
5570
2714
4963
10040
932
9930
8409
3659
2925
19425
14380
9685
16057
8891
5436
7249
8944
8661
19539
12730
11268
10897
12251
4792
783
803
7035
10226
17104
1790
16904
689
5627
9907
18353
10850
19789
17127
2758
11525
10628
4991
12838
18771
8138
11184
4960
15874
5002
18428
12930
9626
26
9637
5419
5390
4541
19108
4046
221
802
11022
15695
5491
12535
3493
13313
14016
4012
648
6202
7619
17540
10846
997
14941
9228
9688
9911
15111
18745
16210
12498
553
11299
17075
8770
14970
14510
15089
5093
432
12723
14812
19138
14789
1086
5313
10085
10605
10154
19339
13950
16674
15766
15121
713
11474
3062
16928
10405
3194
7213
8845
9390
16088
7463
13613
17008
12681
6857
16222
10887
4312
15023
445
5688
6641
16067
15126
15325
91
12417
9201
17384
14055
11873
6201
3733
15769
485
12654
16239
12086
16974
12097
7874
14696
17284
13350
9880
7314
13127
15688
18594
1838
15070
1732
19424
11181
1513
4016
16095
4452
5269
13774
16100
18496
10418
5270
17775
18247
9149
16056
16567
13617
15701
11575
9785
14971
16459
4345
3726
10812
8677
1207
6874
14898
988
1939
10004
15824
6313
8878
16438
10696
6448
6677
6111
13191
4514
7951
10984
10072
12527
11745
7188
7189
6645
2304
4561
5289
242
19
5342
19157
14293
18496
10542
2916
11637
14235
11687
3075
1987
13893
5876
15433
13525
1938
10005
8966
15305
12783
17183
10854
13612
16423
8894
3198
5856
3096
18711
18117
1964
2667
18258
11084
14125
1779
18040
13828
13266
14391
16598
8906
6306
13961
10349
4412
10535
6655
13383
11216
4131
5250
5767
10357
9068
6294
15191
10447
5347
4297
4901
12327
13949
6541
794
13909
6410
10897
9596
9294
14458
14414
8983
13062
7490
5491
7524
2141
19889
9664
19720
12470
19892
1110
11793
7727
2256
5184
15163
945
14698
8902
11409
17762
16649
2100
5390
14478
1666
6187
4717
2156
3870
19254
11706
3556
3373
8775
874
8039
13380
7984
6863
15996
1632
16470
10556
11480
5062
16529
9444
16543
8716
18065
18948
8993
18470
6110
9277
4826
6418
7577
14624
15067
9027
16290
17368
18597
12909
10713
12755
2266
7509
11570
9128
17666
291
11553
5228
5259
15758
7128
9371
14275
14591
1456
16952
13203
8309
4923
15201
1222
11718
7795
5732
3213
12957
12405
2069
9483
436
7440
280
18485
5906
8083
19581
14834
8582
2063
4807
8315
7019
6103
1168
708
12515
16056
14467
14331
8777
6273
15169
4376
9070
8083
12254
16591
5142
16136
1750
11357
5387
18979
5104
4396
10887
5710
3718
8376
12235
10548
1735
16508
5717
8299
9178
8464
7521
16068
9435
15070
7272
15844
4149
11355
4681
4770
7385
7360
18258
1770
14861
65
18914
5464
8099
17922
2090
6007
12268
8110
10909
13690
10171
8582
15039
11510
11393
7829
4759
1855
16857
701
1106
14380
16015
14148
18070
14059
16784
18437
5681
11746
6427
7417
19149
14031
7296
13597
1484
1505
791
15697
12819
19046
2412
2414
14291
16723
17064
2751
14898
12375
17847
19138
11735
5477
9669
11530
16647
8329
9989
5895
9482
5432
10082
5082
8255
9379
17214
8457
9027
14887
1931
12389
5825
11527
10702
9668
7502
3593
17704
1022
13610
7157
18444
17038
1724
725
5670
11321
12829
10027
15675
18226
17327
6713
19263
11621
17791
16542
1830
15940
10920
7675
3252
15789
11515
15728
4624
14278
14534
10880
12720
15437
10625
15512
7492
13541
17131
11042
10414
9395
9707
10778
13061
7518
172
799
3563
13631
16012
14686
17174
15461
3811
4688
9500
15439
476
15017
16092
12241
17366
193
18739
2682
13346
15740
11899
17807
14932
4891
16656
18201
13167
11621
11688
18999
15716
1765
19442
17243
11780
19323
15520
9323
19185
7914
2007
9278
15860
12662
6466
2491
19779
4857
12942
1111
12626
11718
12653
17223
1564
3852
14457
16940
10465
15533
18071
14927
19889
3561
14091
17435
3348
14816
13089
15162
6333
8276
14773
2167
2281
6753
9055
17184
15022
15469
11392
7338
12636
9793
5651
4679
5624
16043
1989
5382
10876
10177
17105
14775
545
13101
995
5671
6879
4536
18643
12623
4858
14744
6517
17684
14144
19027
11963
4169
6750
10809
9028
6102
7611
158
12059
5206
8167
7913
18156
8455
2406
18464
9115
8599
9735
10258
11438
19407
17742
5975
17839
9256
14416
7215
12187
11264
14136
493
7862
365
6718
6669
5480
4948
4239
9297
3804
3784
6093
19321
15508
13225
8353
2675
46
19191
8465
2431
13546
15294
5019
15416
14269
14234
16740
15327
10962
6381
17568
14161
19669
1589
1592
3366
8946
10885
10703
4761
16821
1149
14640
6138
2869
17552
4070
105
11459
19326
17360
10688
13372
13634
5693
8189
9232
16214
12933
11425
9797
17940
6813
15095
255
16673
404
19338
6789
3733
11062
2581
11827
2808
2974
2917
6197
19728
1208
8942
10051
14322
1495
3340
18301
10518
2554
11984
16996
6351
6257
16495
6319
11206
18368
9908
11362
8655
16258
17603
7219
11355
12954
13580
2968
9616
2697
16956
3351
6613
4436
15220
16642
12467
19236
11861
9330
11397
16125
10815
16900
13022
12870
6016
5383
587
14373
11289
11165
12512
373
9782
15147
4702
9290
11024
2739
8239
3421
2445
2452
8427
2577
17347
1191
1555
14112
16165
18058
18561
108
17303
8921
18349
13278
5525
4206
13073
5803
7714
15734
17456
2832
11304
15251
1032
1809
17911
4175
14268
16168
39
16422
16070
1499
16171
4224
5312
3669
12627
12974
15646
5378
6473
12421
4668
17307
10609
6293
6173
2543
1948
17737
5116
11115
9361
14549
8049
9439
7290
10090
11258
18675
16964
17193
1910
11240
1256
10232
18471
220
1013
10646
18015
8706
5191
13193
4238
700
1549
3291
7764
17227
15518
14742
13036
19679
1326
18438
12589
11979
10542
9720
2516
16759
7860
12323
7235
3793
15656
17081
4148
2598
3988
8792
5436
7251
11350
15488
17720
12773
17958
9443
2794
2443
18652
15982
9655
1013
358
9092
14090
12717
3696
1342
11223
11376
9101
18084
4168
6200
7075
11179
19484
10154
19140
6189
4375
13138
4353
5610
6442
6181
12999
12173
10051
17106
17052
4059
12080
4897
10316
11657
8783
3822
8761
15070
6158
15920
3941
9550
13998
12356
11675
1264
2254
2134
19358
146
1955
15571
4954
2678
5223
13744
18741
704
2233
18031
7758
13757
13682
6100
16006
8413
5026
14119
18864
12303
1123
8689
17470
1602
2599
19326
12808
7649
10115
17707
7172
12949
5787
14522
15949
13894
9206
12852
573
11199
3830
14819
13058
19610
111
13736
16672
120
10979
19803
1899
10820
18493
2301
10169
3846
11976
4065
13113
17130
14981
12683
15810
8036
7779
18363
5454
14795
8206
16307
7904
14759
5757
12935
4494
18711
6086
1148
5349
11241
2864
7617
15318
11835
7145
15918
1778
16214
12397
14144
155
2960
14297
16792
12216
13908
11127
13240
14355
4097
13856
17238
13633
9969
1804
8266
15687
15322
17986
96
3831
10594
11272
8534
3241
8411
17754
16963
14076
10224
16746
19335
16821
7299
9720
17737
83
19622
2606
14566
3995
3066
4344
18145
1903
3682
12007
486
8238
13988
1132
3991
8481
10792
6576
5068
10202
9987
3843
9613
5974
10406
7125
15526
15564
6085
4218
9682
2678
13350
9120
13642
16587
11851
16766
16417
6896
16504
464
12319
3974
13733
5784
17437
11877
4673
18349
1362
14803
19082
841
16180
14043
65
7182
8471
14237
18906
16119
16532
12358
13405
11790
13292
1333
11240
12090
6180
13270
14559
9304
15730
6669
10841
10110
4622
1261
3486
1243
9376
18795
3568
16804
94
11408
6416
8735
1838
14106
12797
11603
2482
1553
7865
6247
2041
16626
10909
5963
19684
9571
18734
4169
11406
6419
9855
19809
16383
13252
14115
18944
8712
19283
1725
19574
957
13113
2235
9688
8918
12739
19392
3420
11814
9667
5919
13722
973
12928
8742
5104
11138
10576
3481
19286
10124
14451
12248
8565
15056
13183
16265
7549
7840
17466
10142
6510
18682
16015
8085
2692
16578
1266
5827
4821
8972
18582
17694
12853
13453
11707
7993
5619
6619
16529
2992
10351
18196
19420
19695
18637
19031
3979
1772
9156
12831
5286
7714
5207
14082
10330
2641
10727
3515
5642
15621
19048
6514
8717
1353
12443
8797
16464
6052
11943
276
16133
7274
1179
18731
1063
6788
19152
18194
6665
12779
19849
4647
7650
1021
16053
10828
5097
14206
17880
8399
15052
9316
14513
5874
12745
6087
148
10057
1075
5948
7210
4960
14940
10157
8404
13201
11876
17244
2645
14752
1804
5855
2751
13436
9116
5316
1379
15157
13334
16001
11097
4368
5469
14793
5850
2235
1928
8985
10273
5045
2491
6507
12377
11746
64
18057
8287
19638
1334
7247
19060
19009
11430
6431
234
1878
3015
10306
13070
6771
8636
7339
2898
49
11355
12599
10359
3504
6511
8938
18375
10042
9001
19395
2776
4401
4001
18307
7535
15597
5345
5358
10381
6994
14392
966
4043
7719
11280
4440
7823
13285
7346
11354
16141
13611
15078
19755
11448
5825
7503
13334
4402
13296
1038
3991
16975
15654
13647
13770
4257
6578
2366
10007
17039
5142
10073
811
19925
9765
9395
12402
15471
6606
3793
13871
19859
7039
19999
19357
12753
5012
8872
7287
11127
18769
9628
14812
3453
7859
16709
15009
3702
18807
19460
16065
721
7491
1051
1185
13836
7076
7226
14948
12673
7558
4007
7237
3023
6369
12275
9926
17472
12174
2772
6687
3119
3592
17596
6625
10106
2838
3407
789
19185
1276
1901
19890
13933
17543
11401
11992
16162
10679
1433
9826
1442
10946
16261
4032
16365
10658
14825
13639
2241
19151
160
9120
13798
11912
9014
17490
16501
7196
15443
692
3769
2448
2496
2635
15289
18014
792
3881
16591
561
8295
3310
17998
14342
16022
15436
16595
16704
15675
15450
1813
16380
4756
19083
7611
16011
14728
8821
17180
17448
9888
2398
6350
1972
200
10616
14511
14029
5589
4
4740
6781
18883
19372
18058
17004
1712
8658
7257
10224
4391
2891
2281
4029
1759
15644
14886
2146
12410
4304
17555
10130
11334
16410
8267
14300
15414
15532
19019
9557
10350
15056
12302
12996
14116
18208
2954
2363
382
16121
18404
9560
3911
6252
15382
10892
11543
9915
17920
709
18652
5005
6784
657
10252
7527
3037
13023
576
17180
11841
3262
18887
4583
5247
9433
16879
7187
3004
3699
4213
19436
1228
9625
9282
11821
8148
16278
11229
983
17146
15030
4325
9434
2415
17347
5014
10358
4457
10129
18215
14479
13708
1887
7503
12316
5253
8317
12569
18316
11742
4114
11242
5226
13837
8084
4923
16459
14281
7503
13108
2205
14209
11239
15594
7212
18877
19567
4491
3593
18794
2199
8474
2534
5271
15907
9444
15993
12609
18008
5042
4941
8987
4575
3617
12966
16837
8516
11976
12186
17439
13828
13853
16611
506
12923
9432
5695
14094
14736
12846
2495
18269
8241
11230
8966
18833
8909
5745
5480
1853
5746
14594
18114
6114
8824
2690
10884
18368
7063
9064
332
9422
18534
10394
18777
17422
4154
6198
17129
6124
10991
13474
17976
19991
14637
18180
6178
15803
4415
3503
6508
7993
15863
16427
2908
17057
9160
5548
15746
13236
17435
8021
2662
5255
12491
8353
19530
16508
2783
13026
10830
19205
16451
3414
12289
7228
16268
17927
7513
11526
16923
11638
19299
1646
16417
11563
15438
1485
2779
4479
13440
5893
2892
18947
2437
5421
14329
18327
12809
3604
12306
1085
648
12736
17031
496
3968
18079
16769
2568
7266
19432
7009
16078
7429
887
14935
134
19606
3532
3526
3038
10222
2477
3613
14819
12428
4791
16335
10950
15064
10580
12310
12085
19998
16505
18150
18543
1370
14204
10275
11497
4654
2244
13793
11452
19320
18551
233
13230
2362
14411
10706
9936
3609
6368
19283
9614
447
17592
19157
13163
1476
10561
5189
558
661
14436
18722
6681
7477
6621
19842
1909
17550
19690
10414
1046
3896
19754
865
91
8579
8680
15603
3863
15641
2891
18298
416
10169
19113
16092
12589
2695
19845
10701
5636
1377
8373
6384
9145
13379
7383
2002
16930
14189
3499
15572
11534
19276
12347
3473
18369
16829
14523
1674
12078
7642
7069
16223
18469
19216
3216
5489
57
14757
6371
3780
19702
6395
18339
6828
984
13188
1748
10481
18957
1040
7532
5465
19900
5285
7827
14024
15848
7949
6605
11973
19876
10937
729
11723
2529
13745
17293
14713
18035
11541
3096
688
4217
2864
14357
3848
15307
4739
13740
17531
10284
9577
7847
412
10020
15009
8390
847
10159
19319
6007
16400
7935
11622
10148
8199
11105
5538
14502
6460
14095
17371
19476
15817
1577
6242
4206
18752
5895
6359
3231
1382
17080
19582
13257
19543
1795
1735
15120
8765
12927
15346
17900
5949
18436
18462
1507
13997
3985
922
120
3604
16297
5134
6233
9629
25
9953
15001
9405
6475
17502
4494
12715
16908
383
16378
5247
15462
2578
10624
202
14829
11110
16814
19898
7413
7417
4294
10373
5351
12222
9705
8145
14706
13808
18621
17804
5310
12100
16822
2156
2143
6619
2672
11955
18382
17075
6218
9081
19715
18231
4692
298
17577
4868
2710
12049
16104
14148
10337
19401
14214
18308
4806
9761
332
7022
19631
11110
870
4245
18255
4536
8038
19854
14224
13901
567
8135
12570
17146
18860
9350
504
2892
10319
19391
2633
11666
8227
11474
19585
5244
16695
4746
14552
7556
4795
5908
19508
19096
10904
6376
18118
6077
10798
1116
6266
244
14499
14838
639
14608
15521
11013
15525
2433
13122
12965
5177
3728
3649
8013
18613
11730
7870
9606
19795
6523
7139
5349
11958
18801
15720
10901
2750
10211
17007
8542
16447
5197
1325
220
1566
15747
1812
5456
12556
14374
6568
13809
12153
9543
2695
8316
2252
754
18760
3759
7529
19817
2781
734
13228
13231
12678
16770
6954
5008
5301
7437
19946
6993
2234
9538
9484
3512
9541
1280
10110
7190
11094
12302
11723
5188
1093
19666
15349
19096
19426
1513
16175
7890
6554
8089
16118
1861
15367
12629
16606
18020
3264
15354
4795
18556
432
8211
11142
3911
19882
17615
7142
10790
18915
9834
17505
9611
17308
10413
14443
10993
2306
10672
3883
8119
15142
12984
6293
6886
5379
2736
7318
17149
120
18602
16250
8320
18326
1752
6066
16993
957
19821
6119
16164
14625
7840
6037
19425
16389
13454
19241
4694
6653
19034
19694
11566
12620
4716
5818
14324
7522
750
12567
8606
8182
19351
7793
6961
426
18259
2106
3979
3743
17733
3155
10132
10296
5063
4283
9781
14831
9427
13239
4059
19261
9550
2499
3335
907
19451
12707
4120
4403
19441
2988
11143
7127
11445
6412
18052
6314
5175
13276
8455
3005
1064
2614
176
6762
12284
14767
17974
3514
17989
2038
853
2553
18860
14538
18460
19512
12947
16494
4051
16988
681
12122
18913
7791
15319
14278
5777
18216
8690
10294
18603
17786
12492
19800
5317
15924
7484
4071
3841
7108
7663
12704
17636
12619
1129
11504
15927
2066
7436
754
7178
16045
686
18194
17844
15989
13301
9428
2806
705
14067
13968
18630
8930
6809
19105
6118
19407
14812
11928
15296
14527
8756
5311
12185
3121
13737
8063
6361
2989
3798
3742
16511
223
13603
8215
13264
18836
18913
1990
13299
4706
17336
2127
14864
7130
13612
12583
4302
12081
10309
13361
4220
8127
13064
19824
7229
16869
3183
2155
2034
14377
10057
17099
17176
17654
16343
16624
12146
15654
10750
14611
18770
16623
7078
7288
7285
3210
10463
18531
15778
7125
8735
4378
6820
6780
7977
13138
18401
8423
15742
14669
10585
9229
12953
12089
18125
3161
981
11338
19938
2868
16543
8203
675
13108
11175
7920
5962
15559
12296
8519
2285
13681
4943
325
13870
4908
11416
3111
3814
4040
5069
18192
9220
14837
6550
14452
14164
7663
7385
5950
12662
7964
5149
8773
16694
4286
15798
10412
14891
1853
6289
14341
10635
18616
2265
374
6114
4855
11365
1353
14891
19736
12907
2102
15640
5133
3653
9027
19965
17593
1669
14572
18970
17608
10784
6251
5775
15974
19818
8193
13882
10559
13769
8942
8688
18203
9791
1696
9675
14091
8787
12641
19551
5010
13237
4486
16207
11477
18520
15520
14390
17912
20
9887
9695
15867
19836
6512
10479
14153
11945
10326
13151
11714
4965
6430
5953
5653
1930
18216
9014
2127
10908
13994
16495
17504
15878
11145
14539
6749
1694
2990
7826
2854
14101
6593
18875
10212
12792
9505
2735
4393
12223
15268
14654
18028
8333
4812
100
13718
9916
3494
15773
19861
12106
9590
15801
2758
18718
5104
9365
11857
19927
11926
2877
17509
13220
7189
9636
48
5734
15393
8937
6836
374
10715
15421
13169
1859
7883
9600
6358
275
3517
16165
6662
11782
360
5496
19187
12226
9237
7504
13876
15914
18934
4358
15507
3660
2007
14107
731
12652
16282
2599
2571
13937
1697
18391
8400
9854
11242
206
500
1055
12156
8988
13703
14802
16372
14776
19234
17014
17253
12174
2163
6841
9994
7953
1813
10008
5436
9368
2010
5496
17417
3180
12315
18933
6594
10288
8757
10461
14218
2373
2915
511
4425
3256
3784
8716
15717
10786
4540
18807
3099
4881
16771
9135
7113
2790
15541
18198
18765
4037
49
1770
15744
15404
1338
5026
11464
10500
1469
12878
9264
7986
18994
4592
4546
12425
15336
4271
1836
7156
6546
19439
8694
6635
19602
19781
8426
8042
1747
7804
3610
12696
13038
1913
5041
17874
12458
15185
3267
15247
3845
9054
15923
15464
821
8321
12511
6179
1531
18712
14599
14293
6377
7207
18567
9557
9708
14103
1431
2390
7833
16440
5735
6599
3193
18509
9008
17761
19175
17118
7772
13104
15417
5774
17269
10913
12073
7500
14885
13327
19977
6283
17925
11788
13916
7135
12093
5625
7400
3076
6789
1064
13728
2541
259
7411
18375
1428
888
19143
841
7829
10722
2060
18063
7677
11941
16411
5288
13133
15628
3674
5049
9904
8917
16292
15604
6131
17024
183
6855
3605
15585
4428
2541
17514
12679
9671
11350
1752
1499
6601
15630
7752
4342
263
7396
3419
5100
19555
5717
15160
16494
1592
3498
9771
9328
18785
4104
8934
3666
11908
11778
213
17478
16477
4373
11065
6888
2734
17576
16931
14491
19161
12883
13796
3820
15725
4415
1116
13057
19395
6988
5830
4933
9504
15056
2315
7561
9728
7084
8270
18783
2904
18289
8886
13259
10153
6681
11398
7616
16064
17449
14171
350
7180
17640
8846
16804
540
5120
13247
5999
158
2939
6332
14385
3347
9350
10419
16721
15219
16442
14394
4890
527
13508
16186
4638
3512
8231
14586
11131
19858
10394
10238
10710
3630
11928
14401
12161
4615
6762
1165
1432
607
11114
3606
9452
16838
4603
17569
6462
271
3981
19719
1854
340
6564
16250
14146
8922
5274
9344
14156
14790
584
6572
1261
5728
16401
17422
11391
4018
12626
5389
18727
2576
16122
18718
10299
3914
5015
4624
6539
8350
13630
5086
10093
4833
14668
5209
453
18229
14554
9240
11603
11164
1325
18237
6214
12173
10454
3962
15776
2044
19160
11973
1267
5244
7400
11910
11528
14161
11276
18216
18441
17714
4832
7363
7508
10418
18085
16110
16169
19078
11977
3093
8084
5756
14456
15215
5589
7981
19361
7127
12511
6368
9848
11200
18750
3640
16207
17194
12658
19635
8467
17593
14008
7378
18646
16837
19232
8718
13650
18544
12616
8287
16402
16772
8712
141
15301
3644
13029
11117
10169
12529
7192
4627
9566
16918
6456
17099
10302
9586
3839
6902
9115
18610
19397
1596
165
13951
15637
12118
7212
8258
10534
2325
1052
5894
14553
8463
8189
17185
6505
15499
6781
5900
14874
11832
4101
1243
3957
9957
9561
9391
2830
5348
11808
4171
2566
3869
12423
7925
13803
626
12070
18124
5385
17545
18462
19861
6775
15429
8574
8645
4761
1907
14386
17597
15331
7157
3042
17765
6316
11288
17771
6261
2673
8967
13182
915
7118
9999
7602
13204
18864
18479
15921
19562
9009
9793
577
731
4602
4640
12133
1214
15509
4223
12007
15715
10768
10978
2249
15455
11296
14178
16422
14968
4535
12104
2137
13375
82
1398
733
15308
5003
14505
18833
3636
11224
11161
12029
11464
1858
7231
14070
12748
3488
2602
8946
19009
12757
3029
10839
5202
16276
14370
13119
12126
10235
14311
12484
18243
19550
10539
11852
1257
13051
7712
1924
16484
11791
2209
4434
8742
18631
8438
15267
15658
8461
14880
8601
436
12252
19036
18736
19237
10375
18142
16256
14582
7276
6625
13077
10557
6364
6461
19563
12750
3015
16137
19161
19518
11151
18063
16575
15310
8326
6481
6955
11708
7731
13542
5173
8187
19287
15362
5651
377
11194
4150
13263
8773
17604
1362
16117
9501
3626
318
17189
7835
2689
15780
17547
10878
15758
10266
541
18479
16132
9313
18826
7329
9315
17135
14611
538
10469
14233
8724
12933
6070
18860
17299
11114
16386
10049
5790
8087
15067
14861
8027
1277
13357
13907
13453
5060
9830
1168
15868
12393
17071
11955
18363
19197
1869
6780
18302
4334
14447
15654
7579
9098
10588
17026
12442
6375
19535
5331
19077
2326
15378
15692
7905
2094
8814
9254
12539
1590
2312
11403
16169
12615
7444
9306
15231
1184
16206
19903
4350
2503
9855
16250
4221
7321
19651
10703
10377
17381
14590
13791
4065
7783
19362
1509
16418
15096
14804
15339
1391
13166
6367
5774
5916
18844
3979
2963
8129
10992
10721
3808
241
5534
12769
8348
19820
8602
15923
8192
5368
5526
18975
1159
18636
3574
19715
14284
1499
2568
6705
10049
205
12021
5676
3160
2491
6674
18479
2986
16617
17159
16519
15
11821
13683
12291
8733
7820
10944
18515
5958
5897
16776
13474
9679
11951
944
8788
1863
1166
12904
8365
5121
15511
12264
11697
3833
7796
9791
5550
4575
1352
9741
12990
11100
18273
11039
8651
15073
13106
10521
12663
17357
2432
2101
13442
18824
12906
13949
14785
3590
11098
17775
4227
9102
12331
3866
1391
2865
14619
5957
16755
3915
875
11639
1656
13709
14
15984
4009
10310
19376
10921
1197
6899
1366
13149
16476
1760
1914
15548
359
19948
2734
7925
13715
2128
15248
15811
612
12211
7906
19649
8933
7662
13391
15074
14472
12597
12963
11339
16265
7991
13893
14957
14608
11345
6704
7670
14939
13105
10978
2705
18468
1737
16442
14474
14520
13412
18141
14881
1202
17766
4201
7711
7270
19277
8672
10962
19458
12014
8551
17025
14321
19557
19375
10412
3095
15476
17401
1005
18682
14559
7743
16628
15607
18849
6828
13293
689
4568
17868
9950
18893
5595
12542
9102
13757
16948
9977
12955
9994
2383
19204
5281
11420
1006
606
19164
19287
749
2664
7119
19312
14807
4453
14639
7302
749
14905
9747
9372
15959
19307
18015
2056
15355
1753
6685
1439
14143
6720
11340
11568
16248
19269
8184
2854
15896
13045
1529
6657
4130
3394
4100
14281
13807
14987
7774
12982
14034
4659
878
7202
13785
6540
14641
11931
7634
13213
19265
18372
1058
18245
4970
317
18486
17745
19977
19930
11862
8952
18909
3407
3796
13845
13034
1167
2188
11020
5411
11982
5621
5157
17543
9061
11158
40
16985
17519
14551
9370
4879
15822
14728
4051
12386
19692
16269
19293
16186
330
13969
10285
5640
8644
16456
1150
5000
4791
10945
14558
2002
9965
14100
19574
4908
15774
197
13574
1666
8216
492
16489
17557
19695
15595
13263
12613
15743
9230
11271
9181
11420
11261
17426
13998
1318
14747
11908
12740
10335
16961
9427
128
12640
11723
8040
13376
19424
3183
8792
14990
6946
8448
11713
9211
11619
8678
13329
8849
13175
14218
9330
5048
5884
16839
16265
5706
2505
18050
822
4122
201
10196
18391
18018
3509
2233
9892
12036
16964
2853
16849
1701
19406
15657
6883
8390
15147
6423
7210
18254
366
1725
17224
16322
6556
9561
11332
16484
19770
6996
12040
4152
15463
18340
1467
5671
12985
13555
13893
11130
10054
16672
16018
7338
6431
2064
2191
15845
11582
9152
7057
14128
13776
5081
15186
15603
9364
11737
11913
15781
3347
16822
5590
17228
6868
6074
8334
8020
9233
12608
16726
17426
6562
12510
2495
1727
1291
6914
3245
9459
1794
11331
19588
16258
1187
5800
19783
15632
1307
11219
4509
13581
226
1729
9078
2
3611
4226
12555
4415
11921
10527
5762
18677
15859
3012
14857
458
13061
17476
13999
2718
14062
2433
12091
685
13283
13258
6739
19379
674
14470
3344
9823
19947
8725
5591
14798
3556
15845
7133
12816
12293
5446
13586
14867
8432
19385
5228
9425
3795
13756
16200
10402
11829
9743
19728
18542
4946
3216
9260
17175
19810
10391
13520
11686
16635
19537
9005
18149
13973
11589
13985
9869
13427
14493
6051
11115
917
11004
14810
4139
13410
15619
18912
17013
13719
19646
508
14805
3628
19833
12667
14441
11416
3923
16221
7996
5024
9061
18456
2043
7093
10374
16228
16788
7501
19095
18904
19565
11675
13355
9079
7007
17001
9330
15856
10168
2966
7842
1152
9378
5916
9061
14625
10265
7468
14345
17584
3322
16719
55
4851
12507
5922
15659
3107
18673
14233
13088
4154
2914
17904
7163
19089
11447
1171
17314
14987
5431
12021
17454
11847
6713
12928
7647
14141
16531
2349
14831
19837
15781
3079
15741
16998
13238
5973
14994
19015
19271
8149
8269
16800
9116
18609
4369
4197
6429
2374
3951
19670
15190
9102
10511
9800
16732
7346
366
6730
5182
18782
536
17723
14504
15186
18219
6953
10816
9484
18751
9593
9528
6953
5312
263
8457
11526
10121
12740
15062
6561
18374
18815
614
8184
14611
5877
7070
16467
14084
7632
11366
16101
18355
9882
11155
6900
5715
7653
17641
18130
14666
11165
1202
17152
19620
16705
6374
467
11342
180
5596
12777
14111
18627
3576
14560
18608
17102
16141
5277
11182
15367
10710
18443
4681
17432
19025
7810
6341
17056
5362
6012
12980
17750
11816
16161
13497
8029
6764
4069
3642
3628
17907
8394
12030
6218
18324
5991
11013
11064
17392
9098
15112
13440
3524
18501
16111
7601
19818
18813
17264
11467
12656
10221
9769
16532
5662
8512
16993
16779
17353
482
17472
5837
11659
8853
17557
3457
17562
7189
15612
17903
19302
3160
11309
12879
87
2397
1011
16305
6067
7641
12278
14008
7041
3425
13208
2969
7303
7086
18273
12233
1154
13962
12050
19728
17201
7
14925
18091
17444
16659
12916
17632
8745
14203
16333
9045
2285
11496
16708
6016
737
1146
3535
7203
15232
17422
10057
462
11248
17394
19738
12995
7409
5840
2167
5390
5526
2178
2553
152
10543
11815
16194
13866
8081
2377
12153
3244
142
6956
19832
9952
6195
2313
11175
16682
9815
5747
17983
683
18396
17259
9022
10397
4990
5411
17383
13966
9175
17485
6537
981
10670
17312
10664
13559
18350
14218
16458
6624
11472
10822
8709
10120
15694
4498
18337
3792
17486
19413
16319
5723
15536
6966
6584
10728
978
516
14987
6173
14543
2465
9664
15372
7104
447
5814
2339
5516
7406
11447
9757
13277
3002
19221
909
1549
19955
18294
2283
2131
18049
13106
7689
15256
17618
15580
10065
3156
19601
6834
16729
8231
8057
3090
18270
7325
5566
15316
17354
11347
14637
18309
16334
9229
2232
47
16792
13031
12036
16480
17564
3802
2709
18925
9592
14521
9176
5668
13160
16284
14749
10285
13379
1983
11724
2518
16168
18927
208
19681
4718
2018
531
16974
18157
3619
8129
1402
10566
12433
11824
9902
3346
8967
7006
14465
14083
11181
3764
345
9076
4443
3189
898
6597
2446
9871
13639
16220
14174
15694
11965
19661
12245
9847
18
17656
12875
8106
13254
8491
4658
14789
14098
15110
18394
6387
9687
14146
11616
10611
7761
3179
16720
8310
6022
10612
7392
4239
13657
8986
6735
3986
10570
10845
11103
3336
2842
3411
19674
16132
5607
19172
13426
15786
12179
7664
5576
12280
19756
800
159
8745
5090
2640
5053
16295
999
16506
3658
18240
16355
13817
574
8308
5349
3535
3819
18454
7869
5109
572
18532
2014
19644
13128
11162
6650
1567
14221
14012
5951
10405
5667
6831
8777
15879
1571
3673
1197
13148
8308
12462
3023
19589
11200
2053
19667
11897
2980
8299
16696
17397
11813
666
10982
9593
12767
670
13638
5341
6542
11858
8872
18788
12919
4046
17993
17982
18381
2850
9959
7570
11479
7623
2870
4764
8398
2499
5647
6973
6767
8372
6284
2089
13889
18057
7988
944
16173
13480
15823
2936
309
19136
7446
5953
5718
15627
3756
12185
13568
9016
3008
1076
8854
8889
12573
3528
6816
14251
3818
3069
14834
11542
8635
3214
7628
7490
11264
11204
10511
14554
9711
16476
2205
7271
7495
1337
5881
14383
11867
19565
12975
4381
14558
4829
5311
10192
9227
8043
17626
9737
14348
16382
13459
14144
7745
4946
4077
2885
1342
10568
15705
19691
10625
15064
13889
17822
18998
16610
19708
12658
11610
72
8860
19237
12212
11077
1356
2884
11843
13603
16238
13088
13430
17218
2398
13661
6989
3324
2117
6259
2572
7253
17548
12878
3087
11150
12702
7878
10186
11441
1210
19274
1665
2187
1069
6024
10455
19929
17191
12657
4234
13393
11507
11703
18982
1480
6363
19053
2801
4671
11424
3746
2305
11924
2874
835
1050
9349
13908
1327
8193
12336
19582
12098
4056
15905
18445
18749
2218
11795
17072
16652
3270
14205
13352
7667
18593
9034
19586
12909
1971
10045
6226
5603
9168
13045
6526
2401
5136
7848
1373
3300
15868
14357
15724
16012
3721
3529
19410
7758
15735
3286
14208
7095
1671
7879
14087
17097
7175
3562
15096
8468
15689
8051
5118
11276
8501
5939
19482
18059
111
1588
11592
1625
3481
11667
12813
7620
2959
17035
11306
4594
4715
1761
8643
7803
10512
1969
3342
10304
4701
4608
8466
11661
10583
13731
15421
7919
1854
12556
5033
5612
18142
4300
3605
13292
11157
5601
3400
14777
17183
3020
3203
3952
12862
385
19323
17698
14497
18628
18209
12365
6813
14848
419
6145
10954
1274
19033
16543
10400
3738
16148
1863
16930
4031
16177
1689
3255
3775
18514
9120
12136
6784
3369
210
17549
9149
9888
10904
5187
2743
9272
7727
3434
17422
17367
7877
4005
1233
19398
1592
5180
2905
8210
19454
7084
1106
5613
10927
12184
15646
11408
19801
7924
11560
19329
6050
4087
7255
15813
19664
9031
17673
9726
12270
15609
19508
10848
15712
14242
12498
10238
19697
18306
18000
14484
4732
9656
8606
221
10003
6562
13543
19206
4902
15283
3355
14866
1513
10873
1572
17204
5988
5188
17158
17765
6041
17120
9069
15298
14793
10905
2698
15728
3125
10819
17098
324
2915
4272
17178
16296
234
8472
717
9491
6417
3809
1355
6892
10096
15386
2591
9417
6012
3672
12889
8282
18544
2456
7365
4549
92
3560
14193
18536
10077
7473
2593
13325
3180
8922
6594
15463
14197
12627
12974
7402
286
12869
8280
2270
19381
12783
13561
3785
13515
688
16907
7862
12859
6528
18299
18014
17066
9579
248
7543
18124
10424
11214
9045
2892
6418
12582
6131
2581
3451
11376
17396
14609
15309
14581
19348
1736
6620
1071
4386
6421
10870
11050
14245
3538
2654
14290
8159
19070
9013
19791
1268
10784
8534
1848
6377
17324
15504
5648
5646
535
6328
77
18817
16109
17681
12520
1431
3646
5110
9452
11688
11410
8431
18561
4210
10080
11561
6576
11150
8993
6741
12886
7088
5297
11281
19669
17203
13987
2504
11526
8462
12333
19232
12625
16387
13361
16792
16916
6903
814
13250
3743
14476
14550
4060
11583
19832
6503
7411
7359
5569
18848
4792
13325
4567
6102
2781
11385
6344
14604
17023
17983
15318
15018
495
15381
8332
12486
2834
1344
16006
4658
1515
11415
5290
9272
5667
14149
10365
18041
5330
10189
8843
10538
1863
1151
4184
9123
10169
19021
8657
12102
4322
4945
7954
2419
18590
19404
12075
9298
8852
18914
9467
11541
18331
1272
19237
18053
1135
10173
541
8593
10652
5779
8649
15200
2860
6904
16578
3250
5008
8455
707
2432
5123
2478
4823
14546
13709
16895
13690
3566
11105
8771
1141
7712
5031
17867
9361
912
9538
16707
4617
16636
14606
2717
17696
6575
5571
4296
14236
6444
4092
8412
3878
9831
15790
13424
6507
6265
4453
15043
2729
13127
1718
9845
5379
12541
6322
18479
16435
12986
17997
11834
6432
13599
12103
11314
17190
5065
19685
15050
2415
16010
680
8459
14654
2416
9832
15138
12713
4693
1937
16572
3319
4509
7543
16151
8447
3227
19127
3506
7690
10650
10906
8499
17273
2190
2818
12229
5229
11316
16432
1527
8650
17582
10174
17869
8179
15612
17879
1014
11164
3447
18743
2797
4308
10316
16249
4366
7500
5995
15875
14146
9668
1870
19715
19201
18462
6860
3959
13703
15338
5163
3899
14555
3010
3118
9251
2591
5078
15662
3277
19872
12907
14525
10915
14728
8666
9645
4527
6545
1079
15658
18265
16365
5258
9692
5657
4899
8597
15221
18980
3699
14656
15011
17934
11251
19267
2059
9319
22
19721
3603
2874
10949
4828
9649
2602
13289
16721
13201
15632
12170
14967
12422
10309
901
3937
15856
1207
15276
3649
14143
13733
16318
18182
8465
13555
7696
2977
5485
19517
14250
11544
18687
12798
13395
5617
17769
7846
8695
11385
2354
10074
16077
16477
17327
13240
2071
714
804
19416
7112
13030
214
3690
12543
2157
11009
7919
15068
12491
7279
17258
898
18279
4090
7297
652
12860
8224
13692
6271
12158
102
264
5917
4296
209
18619
12162
8252
13658
4254
4004
10835
13936
11777
12741
16881
3303
4093
14553
9111
8877
17025
7502
17116
3756
12586
14127
2304
14946
14947
7346
7741
16016
7975
13749
13562
18035
2225
5814
16281
16490
18552
6661
17320
16374
6727
3727
10120
11777
17806
14383
19863
8684
3959
5801
2060
3302
13849
8360
15264
5093
1573
4659
14634
15069
6874
2763
3764
9347
14387
8888
12300
8664
11442
3543
9213
15656
2523
18684
19785
14090
4810
2686
6530
6272
14438
476
5975
8866
17522
3833
11488
8339
12846
16480
16919
18781
4502
16835
7865
1819
5843
4483
8246
19490
13463
10355
11092
6271
16363
10370
1099
667
7507
2167
1540
13594
19355
14
17598
14425
2056
4734
1189
2264
17408
19274
17102
11889
5871
11276
11223
14227
12664
9521
18820
17086
5876
18523
11225
19857
13897
16704
5946
6616
2909
15263
5847
2331
14422
12237
10147
6645
18749
15924
15392
12060
422
3256
4934
14337
17682
9462
3123
7165
8595
742
2906
10480
12074
3376
10284
12251
19619
18694
6273
2511
6185
5748
6188
10005
16979
18862
11968
2425
221
18285
6781
19559
18219
4562
12303
5630
3192
18583
11055
963
769
3083
2040
2026
19457
16803
3340
2108
12757
3545
5400
15098
19156
7757
17451
11333
9823
2778
12843
2627
7629
16823
4463
13305
1876
1732
5437
9586
10199
8452
12095
15918
8220
13484
756
11516
5200
13389
8964
17542
13566
7652
4958
3393
5391
5254
1185
1922
5639
1168
2007
9206
12020
10782
141
2401
2972
3827
14392
12391
10946
5734
12305
17961
1148
1802
14088
18858
19737
7726
4672
11221
18820
19747
13558
11616
6114
876
14233
2204
15125
13375
437
13885
341
17211
13634
13408
4225
3245
12988
1927
9117
16929
9974
9385
14201
11867
15008
11751
3071
4587
14602
1616
15223
4036
12794
2467
19525
18456
2830
9161
16272
14717
13568
2116
19847
14652
1833
18406
11410
972
3204
5007
8889
12649
8436
15459
11155
11761
10107
9425
17943
2427
19610
15344
7570
17494
19706
13863
8847
1646
2069
14555
2747
2858
6282
5725
3092
18817
6005
17607
13793
13235
17749
9741
7452
11476
17157
8174
3281
19106
9226
10150
15408
12642
12680
13766
2081
19943
11664
6575
7615
9092
14723
6330
17597
615
17083
17950
17110
1324
6984
13613
5198
13677
8444
6715
10097
1764
7416
4333
19992
16345
17145
7181
15493
2765
7988
17970
16496
17936
12599
15225
7184
18879
14601
3461
8566
10259
6172
4710
1282
15109
11355
8730
12873
13665
471
6847
10759
10231
3159
13605
3276
9923
156
3728
19579
19356
10028
9881
14640
19196
11728
15288
16365
17237
19348
5194
9377
5983
15627
1589
3310
483
3369
9812
3579
12448
8382
9549
14359
16040
11812
11525
14299
15721
1325
17310
11654
12196
2955
3131
917
8700
12645
6606
17537
10972
2420
13897
16750
13524
11883
9346
15628
9594
17540
1716
4613
16586
10510
9996
1260
323
5734
9782
15721
13006
19686
19836
10181
16193
9854
12914
3550
14394
8611
2041
2066
7906
13910
16305
14416
737
9998
18929
1532
2758
2704
1349
4357
17456
19676
7361
11237
16200
14872
11484
4725
7288
4478
2734
18736
1614
13185
8408
10902
1230
553
19615
14067
314
9164
14735
16930
7159
10449
6662
4532
12205
2066
1704
3377
3611
12999
9464
6300
3191
16164
10339
7066
6844
16740
16586
5908
4902
9262
4159
14310
17349
18323
8059
13285
8806
6268
16887
18147
14158
15409
1035
7251
12072
9182
7688
10912
5496
16761
7906
8090
13138
15537
10200
8176
5061
10141
6601
8315
18283
13439
3378
11792
16122
19844
9364
6629
18999
6788
16950
18864
17610
7489
4253
16549
10405
12217
18328
10621
1307
13690
5803
11126
11626
13013
7760
17828
10591
1109
18627
8942
9925
7961
13665
17647
19436
7876
1969
9196
4138
7667
11725
3901
6410
14805
8545
15808
9814
2411
18719
4324
1354
17325
17526
9481
5289
10419
14814
19116
18204
1044
13839
19007
5114
12183
16257
7979
4278
3603
2291
10597
5631
11502
5638
11637
1479
18786
10652
18229
7452
11599
9899
5745
11439
16449
12449
8409
461
15329
1039
17811
15229
19524
10787
19836
9545
3778
7450
6996
7580
1332
11671
19730
16129
9612
11172
9442
14508
1882
828
15426
12791
7180
6778
52
6230
9830
424
18576
9240
18340
3357
16562
11879
949
5990
6045
13097
451
10038
2832
6955
19827
13741
16508
3273
15772
8425
10641
1000
9498
4213
12053
1379
8840
13034
9658
12742
2983
10669
13992
12334
6298
17397
11349
3766
11595
19620
11732
17209
1658
4985
3827
1434
11622
12486
16197
8115
11651
13323
17935
9633
16321
14107
5324
19446
12227
16800
2460
16041
8231
1947
10510
6074
8902
8767
13365
8018
4624
6018
831
2254
18783
15101
18715
7811
11275
467
6027
2486
6711
16537
6287
6990
18769
3360
1102
19564
16820
1448
12188
15879
18894
7594
6177
691
10201
8611
748
5929
6632
14284
9208
17593
12222
5167
2788
6196
10443
5357
9983
14068
5624
9907
2623
4528
5781
9410
15061
14984
17350
3291
18962
8161
1694
11042
10323
14951
17287
3040
2603
12755
1478
4329
7543
1569
10030
11089
821
19518
10928
749
10463
13117
19899
6152
16545
8506
11974
14492
11862
17013
242
2606
18419
8404
13236
5881
13449
10893
3440
16779
2288
11638
8856
18192
17975
12069
15993
4886
14262
18261
11234
2205
3918
8358
14740
14053
18261
7710
14580
5759
12655
5503
13658
3706
8172
6231
1932
14854
17080
17354
7078
10478
16345
7222
16437
15605
18880
14122
4538
3899
11807
1818
1960
13727
9920
7367
1611
13049
1200
4445
12739
14139
17665
9819
15372
14650
11264
3967
12815
5348
18706
5074
1462
467
4682
16167
4609
12468
4026
11599
9658
10610
10102
16887
16079
9094
18220
5829
4928
17640
1007
4019
1936
12327
12506
14011
6507
8346
5200
10269
9607
5576
15658
13191
14125
6971
3984
15582
15950
14788
19590
17964
9043
9769
4539
16781
9854
9091
7190
641
4927
8556
9656
4636
12063
10697
12550
6135
12586
2817
7806
7606
17835
10726
19130
2958
12485
16298
2824
7111
4074
6970
623
15950
19047
144
11784
13125
4969
767
10264
18526
335
18772
11052
14483
1790
8625
1375
1273
519
13594
12204
3945
356
7458
15270
16525
19792
9451
14369
7473
9438
3437
11435
4879
9676
2429
8196
1281
17071
15511
45
11541
17343
8573
13270
7577
12378
15421
19286
4064
19012
6925
17943
9879
18473
5891
16179
9427
16856
630
5868
6441
15767
2252
3261
8759
19378
2123
16098
4304
14831
3012
9146
8258
6712
7123
482
9116
12109
17709
3740
1507
1608
6918
17457
9483
9089
17611
8953
4112
17410
4886
15876
3419
2985
15475
14421
5255
19479
2590
19175
10229
218
6428
5063
18168
6259
3049
14991
1556
10747
15275
11923
3167
15515
15944
4217
4885
17315
7510
6766
17053
11836
10637
17103
13306
16090
4581
2020
244
5096
12655
3561
19946
5404
1850
5033
18046
5748
4323
14464
8921
18018
10603
11028
8724
6733
4023
4446
6101
8754
16383
4251
3846
19851
4932
18964
7240
2575
13562
19486
17691
16293
5134
11261
7407
15639
8477
2049
2956
2593
18969
15801
2570
18928
1977
6314
15464
15227
791
14937
19994
17538
19718
199
18180
16726
4986
13440
14479
11143
6984
16019
7980
13879
6240
12442
10871
13326
16581
12743
14278
11563
16150
18968
16139
18637
688
14379
17344
5285
14547
205
7784
15776
19694
8731
13581
6099
9500
7087
13479
1547
8550
17023
8727
18105
15834
16049
9343
18147
19082
1314
10554
2755
17305
15064
6740
17355
625
2945
19769
2275
3174
4884
9600
5768
11620
9743
18257
12953
5386
5481
12475
17092
10158
15401
475
9934
11264
18662
17498
3245
12621
11771
393
9416
196
8164
8512
329
18244
13615
11576
19443
1189
6363
14253
10961
16671
15442
7913
7268
7331
2959
4582
1889
14276
15629
19308
786
15188
931
11011
5204
9025
16164
17700
7246
18159
16140
15833
6748
11958
15546
15332
16013
8408
9258
371
2608
446
7697
13467
19950
11605
10259
10158
10696
11456
11042
4129
7327
1100
17749
13130
18755
15622
3196
18934
903
19115
18055
7695
9551
9767
14445
14323
7293
10113
2212
2051
12140
3478
8455
5302
13374
2181
13448
14636
5043
9701
2938
14601
2283
7645
6895
16251
3024
15475
7801
12166
16949
17459
9615
15503
18396
142
12836
15942
12019
13454
15952
6299
12385
2830
2483
6753
7689
12026
10219
19328
18233
13608
8601
11543
17168
9760
4154
9700
1637
10256
10006
8976
7959
13471
10908
6222
5928
16314
8443
14661
4719
5197
1163
5278
1303
19669
821
7947
16531
11054
10915
9860
6561
14612
6994
8959
16803
18536
10112
6492
14946
10265
17444
1390
2382
19219
18476
15952
19728
1542
1125
7296
12605
15856
15993
17719
16448
12272
16373
10183
10565
8702
19847
1873
4651
1368
9369
22
8208
3132
2910
4435
16974
1304
3010
12958
9918
11593
16226
15152
9238
12326
1449
1919
9304
6494
2459
11499
15411
3274
10470
18165
4711
12875
15549
1490
15340
15219
1107
1482
19146
5477
508
2499
18068
14324
7579
14801
12758
8987
10265
8050
18227
7862
5304
2673
17361
15444
17261
10131
3030
6931
10754
11437
17296
19069
16337
7924
17187
13563
7446
17629
2253
18019
4705
14150
19377
3115
13715
9254
9192
17725
14762
819
18035
17346
9792
17774
2706
8224
6579
6612
19789
17294
2229
14582
5001
7660
10784
17897
11875
3187
3965
19060
12406
7658
210
3851
12599
6621
19739
16101
8054
6350
6958
16704
6129
7707
15438
18322
12842
1607
5640
15662
709
14862
64
15817
12499
8228
8110
13537
2190
10366
13972
5818
7874
12193
19640
17754
3085
17028
18363
3565
3875
13240
7621
18979
4888
11185
8145
19158
6613
6775
3625
12160
15852
9631
13602
266
10276
11893
4565
3051
13094
13905
13181
5271
16634
9120
9547
12877
19388
4051
15512
3893
16913
18417
7708
16003
6413
1172
6889
8111
3939
522
10206
15343
7894
10527
19895
19869
8851
15107
5859
2723
17733
10306
7934
13452
3967
19672
12565
10506
1147
17551
15979
256
3441
1534
11342
4386
9461
13131
3662
11062
6482
10393
4496
14101
3552
3029
9949
16004
13177
10847
12401
3235
14380
19617
6392
19557
11120
5694
8401
10422
18317
17335
14083
2034
6925
12886
7519
16577
18202
9188
19081
14249
10594
2993
3930
7156
7686
9917
17191
5364
6060
7373
11529
14877
19294
6176
15295
2987
810
11601
579
5723
3610
7741
9507
10318
18989
610
3706
16088
2866
6387
3316
15297
7873
2201
6174
5820
1120
14296
12180
16903
14874
12412
12282
7248
12397
5486
19825
19842
16856
19703
10506
14949
10194
19558
4033
12617
16256
6260
14675
12099
19471
18641
5073
11698
18582
3076
8706
12769
8992
12691
13343
18217
14098
1407
7275
4653
13927
8391
3396
459
1831
13692
16647
5538
8999
7052
11376
19020
13907
15748
18405
879
19553
9250
10891
42
2246
11453
8034
3943
15681
13558
10301
1018
10688
3495
13648
4061
6860
17739
6465
3528
13986
19175
14487
912
19469
2103
3308
8892
13983
12642
16046
10949
9008
6536
9553
17011
9565
14866
18165
12280
2929
18212
19733
5018
14344
12647
19929
15154
6271
1723
18049
16048
8532
92
15072
18476
2687
6765
6003
13972
1380
18550
16064
14805
14954
8590
10381
17432
7924
15728
9540
9297
7938
4941
18639
7306
6888
1886
6498
3898
16936
9130
10684
8471
12986
12985
1584
875
3943
15579
8999
11782
15022
5008
12532
15428
10937
14307
2917
8432
6283
17435
305
779
5582
8944
10989
16619
13747
19099
15962
18973
8323
2415
14766
18775
12120
2591
18894
2758
8384
11578
13994
13793
18609
4052
14753
2525
5104
10418
15163
16228
11245
12134
9548
6257
2770
10569
409
11237
8350
8139
4074
8126
11459
8456
10184
18025
14716
3953
1114
6224
12527
2465
825
4033
15235
10854
12639
13366
3476
11481
4765
19213
14255
7802
10152
16764
3478
4793
3115
6371
7155
18525
10338
11187
11968
2374
4271
2346
4380
7427
5219
10818
13778
3680
19440
19736
7439
13133
17686
16816
5411
17202
3863
10617
3391
5996
9362
19887
7071
19048
3850
6559
11927
13210
10137
2816
4754
2190
7545
14890
4684
10226
15183
13338
14079
9699
12447
9877
13323
18993
1140
545
696
8345
6427
7841
4946
1674
18685
15789
17462
2476
3230
8732
19941
15359
9293
12802
8691
9047
18623
13056
6151
555
17347
16684
15714
13815
15118
12215
10126
1959
14473
2238
1137
6797
18869
17992
10108
14138
2040
12157
15708
13666
15624
14740
2861
13334
15746
6312
16938
5620
2417
9622
16771
19507
10944
1398
19677
16460
13386
13267
493
12955
6366
14741
751
7557
6447
7864
1088
1293
14897
1807
3224
7646
12749
13079
2737
1060
14012
1544
1777
18746
4684
12533
13194
9805
4605
9595
12294
10298
9326
19531
16270
13077
2392
2689
8635
16380
13971
17046
10336
5534
18361
17095
15590
11539
5604
11839
9693
14039
16353
319
11923
16482
18398
2878
12780
2947
810
13527
15632
8175
13521
3531
6401
8520
5488
18295
474
13888
5415
17024
5963
17641
9895
6349
5385
594
6981
7543
8207
16990
7982
13785
11825
11212
5739
1096
15417
15863
3480
7535
10027
13923
4785
13953
10521
5912
18018
4708
16226
19925
5563
5074
2050
445
15942
2610
14141
2970
13158
7842
18231
7890
4066
11132
4366
5254
15707
3154
8846
17786
7861
6627
11290
15519
9703
165
6764
507
9446
13719
937
16414
12891
18903
4295
552
19944
12895
12344
13930
5197
2572
19389
6522
4557
17726
15354
14007
16814
13494
15998
17008
15730
12924
3817
14260
8190
16793
9070
2413
17932
2441
9193
10406
18149
7416
720
1405
3220
5323
13067
9976
9486
4741
14606
1407
14326
1062
9216
1812
19328
2868
6732
14792
19346
6392
11786
18221
19643
6731
1717
1072
8683
3763
266
11048
19814
18211
10112
18246
10255
15547
11169
17581
1979
11809
18795
1426
2254
6526
10830
19290
12136
9119
10946
10344
2738
18614
18588
9439
16714
10017
9842
2582
11551
10714
17797
13548
13621
986
13731
4574
3513
8791
13533
6534
9988
4119
18672
4875
5751
583
16836
19055
7003
11177
16395
10166
15362
4135
6686
7103
3113
7061
683
6384
19407
8755
4579
12110
10735
15515
18164
11519
762
4295
2236
9037
5707
15822
2819
10033
18929
6174
13703
7839
5408
3092
10251
19092
11317
5056
9384
18978
14807
8136
6138
19617
7684
14637
17694
7183
4122
16992
17013
11469
18737
5357
13617
18486
4555
12551
10784
2714
9577
18041
14437
7884
18673
17108
16575
18176
18891
10286
14882
6990
9262
2601
19964
6180
4890
13374
5509
9039
4995
12710
3018
18704
15286
2151
916
3675
18723
8088
2757
394
5307
418
11169
10641
2950
12189
16796
16220
10535
1898
14632
8673
8410
16734
18381
13245
14713
4215
9764
19719
10948
5679
3202
13842
13744
5975
19577
9086
15574
2251
13874
7513
17532
2718
12130
14720
5064
14483
4375
196
16585
2476
13866
9373
16398
9548
3423
2888
12891
6735
8263
7965
18621
10107
14857
7635
10787
17026
2013
9211
19955
6748
18340
12869
16390
4984
17827
5525
15170
11103
14062
4396
7785
4188
7782
2262
2483
18004
2746
8713
4306
10813
16296
15949
10223
18945
17530
16557
7302
7604
4043
2584
12180
993
11931
13245
3582
16907
15520
6876
4374
18919
17925
12541
5157
19802
3393
1459
19387
16692
5632
10917
6515
6897
4538
4367
15286
6084
4520
10646
3818
18201
17093
5611
5852
17208
11503
15844
4224
15690
17780
16921
5708
9306
8521
17521
12587
8397
2071
13730
4093
11012
14742
15158
18025
561
10934
12102
11203
7462
17172
11358
8827
10398
6175
319
2952
6291
1731
13739
10837
7448
13417
4721
17690
4844
16485
11137
16944
9502
15765
13630
1327
19037
8121
18175
4189
9247
13193
11605
7489
11939
4960
3610
11674
16732
495
14622
19052
17840
10477
16418
7440
19040
16844
4444
10935
5877
6061
10885
18856
16645
19299
15348
5200
19605
7328
18336
4267
2477
11304
16928
7544
8314
3139
18508
16855
9699
227
18454
13613
614
7719
2760
4491
12294
6285
14223
13794
10714
8632
5009
689
8333
6870
11171
8415
13593
14128
12679
19925
674
15994
14994
837
8013
9012
6833
16590
2571
398
14905
10286
19511
4902
8300
118
1968
14369
8577
19545
2443
3947
2679
8644
18625
10871
7223
14234
10284
14605
2344
839
5064
3114
18723
14637
12831
6616
8911
8499
18099
991
9137
19860
5555
3205
1377
3377
12194
14717
8494
7196
9509
3352
6077
11761
12500
8091
18777
2372
9655
6663
6150
14148
12681
9888
7554
4211
4824
16449
6181
9319
19271
3080
851
12193
10182
5298
3254
7026
8094
3733
17298
409
5327
358
11971
16684
15634
1894
19435
196
11593
6011
10705
11369
8418
15480
18448
7815
15754
19058
4350
19429
5021
2019
8592
16717
7916
17650
19119
10671
18393
17854
16301
4898
6774
9556
4812
19099
10709
17261
2162
11328
11281
653
1947
8676
6979
16731
18924
5791
5558
5153
17090
2497
12376
6536
19327
18475
5489
13168
5240
3254
9272
16532
4310
9775
9766
19877
3326
19405
675
6980
11544
10806
10032
12482
5492
7125
9213
10714
9847
12066
313
18365
12014
18041
3250
16807
2386
8842
1030
5949
14703
14341
19946
17282
12173
